1,-1.1976e-11,-1.7046e-10,1.1976e-11,1,-3.5625e-10,1.7046e-10,3.5625e-10,1
0.99988,0.0013816,0.015408,-0.001366,1,-0.001024,-0.015409,0.0010028,0.99988
0.99934,0.0041393,0.036059,-0.0041183,0.99999,-0.00065521,-0.036061,0.00050627,0.99935
0.99801,0.0057088,0.062758,-0.0057607,0.99998,0.00064638,-0.062753,-0.0010066,0.99803
0.99535,0.0054116,0.096144,-0.0057189,0.99998,0.0029212,-0.096126,-0.0034575,0.99536
0.991,0.002438,0.13386,-0.0031551,0.99998,0.0051452,-0.13385,-0.0055213,0.99099
0.98488,-0.00087976,0.17323,-0.00011486,0.99998,0.0057315,-0.17323,-0.0056648,0.98486
0.97634,-0.0012093,0.21624,-0.00031053,0.99998,0.0069941,-0.21625,-0.0068957,0.97631
0.96448,-0.0011752,0.26415,-0.0013471,0.99996,0.0093673,-0.26415,-0.0093904,0.96444
0.9501,-0.0041779,0.31192,-0.0010099,0.99986,0.016468,-0.31195,-0.015961,0.94997
0.93336,-0.014161,0.35867,0.0055938,0.99967,0.024912,-0.35891,-0.021245,0.93313
0.91233,-0.020149,0.40896,0.008865,0.99953,0.029469,-0.40936,-0.02326,0.91208
0.88727,-0.021777,0.46074,0.0073556,0.99943,0.033072,-0.4612,-0.025954,0.88692
0.85902,-0.024093,0.51137,0.0054601,0.99927,0.037908,-0.51191,-0.029771,0.85852
0.82705,-0.029183,0.56138,0.0066314,0.99909,0.042167,-0.5621,-0.031151,0.82649
0.79119,-0.034867,0.61058,0.0087917,0.99892,0.04565,-0.61151,-0.03075,0.79064
0.75327,-0.039285,0.65653,0.0098464,0.99878,0.048467,-0.65763,-0.030044,0.75274
0.71355,-0.042625,0.69931,0.011123,0.99871,0.049525,-0.70052,-0.02756,0.7131
0.67164,-0.044608,0.73953,0.010774,0.99867,0.050453,-0.7408,-0.025919,0.67123
0.62891,-0.044931,0.77618,0.0061442,0.99858,0.052826,-0.77746,-0.028454,0.62829
0.58704,-0.045774,0.80826,0.0032008,0.99852,0.054225,-0.80955,-0.029245,0.58632
0.54685,-0.047003,0.83591,0.0015795,0.99848,0.055111,-0.83723,-0.028817,0.54609
0.508,-0.049528,0.85993,0.00031205,0.99836,0.057316,-0.86136,-0.028848,0.50718
0.47057,-0.049398,0.88098,-0.0025062,0.99835,0.057318,-0.88236,-0.02918,0.46968
0.43411,-0.048762,0.89954,-0.0038334,0.99842,0.055973,-0.90085,-0.027747,0.43324
0.4002,-0.04738,0.9152,-0.0024598,0.9986,0.052773,-0.91643,-0.023371,0.39952
0.37051,-0.045793,0.9277,-0.00034073,0.99878,0.049438,-0.92883,-0.018634,0.37004
0.34475,-0.04391,0.93767,0.0010479,0.99892,0.046393,-0.93869,-0.015012,0.34442
0.32391,-0.043205,0.9451,0.00224,0.99899,0.044901,-0.94608,-0.012427,0.32368
0.30875,-0.043755,0.95014,0.0031932,0.99898,0.044967,-0.95114,-0.01085,0.30858
0.29714,-0.045351,0.95376,0.0045067,0.99893,0.046094,-0.95482,-0.009398,0.29702
0.28617,-0.047348,0.95701,0.0033226,0.99882,0.048423,-0.95817,-0.010678,0.28599
0.27558,-0.049112,0.96002,0.0016694,0.99872,0.050612,-0.96128,-0.012345,0.27531
0.26549,-0.050829,0.96277,0.00092903,0.99862,0.052466,-0.96411,-0.013035,0.26517
0.25529,-0.052767,0.96542,-0.00010241,0.99851,0.054602,-0.96687,-0.014038,0.2549
0.24471,-0.054442,0.96807,-0.00024332,0.99842,0.05621,-0.9696,-0.013991,0.24431
0.23448,-0.055575,0.97053,-0.00026751,0.99836,0.057233,-0.97212,-0.01368,0.23408
0.22396,-0.058768,0.97282,-0.0016738,0.99816,0.060683,-0.9746,-0.015219,0.22345
0.21269,-0.061874,0.97516,-0.0034993,0.99794,0.064082,-0.97711,-0.017042,0.21204
0.20057,-0.066445,0.97742,-0.0045351,0.99762,0.068749,-0.97967,-0.018221,0.19979
0.18769,-0.068852,0.97981,-0.0054798,0.99745,0.071141,-0.98221,-0.018722,0.18684
0.17366,-0.069491,0.98235,-0.0059673,0.99741,0.071612,-0.98479,-0.018298,0.1728
0.15933,-0.0685,0.98485,-0.0073068,0.99748,0.070561,-0.9872,-0.018439,0.15843
0.14296,-0.067483,0.98743,-0.0079232,0.99756,0.069323,-0.9897,-0.017734,0.14208
0.12274,-0.065859,0.99025,-0.010368,0.99766,0.067636,-0.99239,-0.018568,0.12176
0.09757,-0.064609,0.99313,-0.014834,0.99769,0.066363,-0.99512,-0.021207,0.096386
0.067703,-0.064322,0.99563,-0.019148,0.99765,0.065755,-0.99752,-0.023516,0.066312
0.034799,-0.063899,0.99735,-0.022416,0.99765,0.0647,-0.99914,-0.024608,0.033285
0.00055469,-0.063577,0.99798,-0.024323,0.99768,0.063572,-0.9997,-0.024309,-0.00099299
-0.033402,-0.062478,0.99749,-0.0252,0.99778,0.061652,-0.99912,-0.023078,-0.034902
-0.066188,-0.060329,0.99598,-0.026997,0.99791,0.058652,-0.99744,-0.023007,-0.067679
-0.098501,-0.057724,0.99346,-0.029714,0.99804,0.055044,-0.99469,-0.024098,-0.10002
-0.13092,-0.053428,0.98995,-0.027608,0.99836,0.050231,-0.99101,-0.020754,-0.13218
-0.16253,-0.047773,0.98555,-0.022282,0.99875,0.044738,-0.98645,-0.014688,-0.1634
-0.19298,-0.040873,0.98035,-0.016394,0.99913,0.038428,-0.98107,-0.0086557,-0.19348
-0.22178,-0.035483,0.97445,-0.010322,0.99937,0.034041,-0.97504,-0.0025091,-0.222
-0.2498,-0.029437,0.96785,-0.0022146,0.99955,0.02983,-0.9683,0.0053079,-0.24975
-0.27608,-0.020115,0.96092,0.0038348,0.99975,0.02203,-0.96113,0.0097671,-0.27594
-0.30155,-0.0046199,0.95344,0.0085145,0.99994,0.0075382,-0.95341,0.010391,-0.3015
-0.32636,0.013069,0.94515,0.0099189,0.9999,-0.010401,-0.94519,0.0059805,-0.32646
-0.35147,0.028635,0.93576,0.0099045,0.99959,-0.026868,-0.93615,-0.00017494,-0.35161
-0.37625,0.039294,0.92569,0.01331,0.99923,-0.037005,-0.92642,-0.001602,-0.37648
-0.39983,0.043415,0.91556,0.016233,0.99906,-0.040285,-0.91645,-0.0012447,-0.40015
-0.42235,0.043113,0.90541,0.019533,0.99907,-0.038461,-0.90622,0.0014419,-0.4228
-0.44268,0.039124,0.89583,0.023068,0.99921,-0.03224,-0.89638,0.0063933,-0.44323
-0.46069,0.036644,0.88681,0.029655,0.99922,-0.025884,-0.88707,0.014374,-0.46142
-0.47459,0.038358,0.87937,0.033682,0.99911,-0.025403,-0.87956,0.017563,-0.47546
-0.4858,0.041501,0.87308,0.036663,0.99896,-0.027085,-0.8733,0.018852,-0.48682
-0.49572,0.044726,0.86733,0.038639,0.99882,-0.029422,-0.86762,0.018928,-0.49686
-0.5063,0.044744,0.86119,0.032995,0.99893,-0.032502,-0.86172,0.011959,-0.50724
-0.51788,0.042122,0.85441,0.030666,0.99906,-0.030665,-0.8549,0.010321,-0.51869
-0.52663,0.044154,0.84895,0.033315,0.99895,-0.03129,-0.84944,0.011804,-0.52755
-0.53375,0.047513,0.8443,0.036983,0.99878,-0.032825,-0.84483,0.013705,-0.53486
-0.53774,0.050895,0.84157,0.037824,0.99863,-0.036225,-0.84226,0.012352,-0.53893
-0.53759,0.052805,0.84155,0.037756,0.99854,-0.038537,-0.84236,0.011057,-0.5388
-0.53442,0.053411,0.84353,0.03972,0.99849,-0.038057,-0.84428,0.013166,-0.53574
-0.52882,0.051634,0.84716,0.038042,0.99859,-0.037117,-0.84788,0.0126,-0.53004
-0.52207,0.050585,0.8514,0.035984,0.99866,-0.037269,-0.85214,0.01118,-0.52319
-0.51509,0.050015,0.85567,0.034291,0.9987,-0.037733,-0.85645,0.0099054,-0.51614
-0.50888,0.04845,0.85947,0.031536,0.99879,-0.037631,-0.86026,0.0079545,-0.50979
-0.50442,0.04648,0.86221,0.027358,0.99891,-0.037844,-0.86303,0.0044994,-0.50514
-0.5029,0.043389,0.86325,0.022759,0.99906,-0.036956,-0.86404,0.0010616,-0.50341
-0.50335,0.040712,0.86312,0.019531,0.99917,-0.03574,-0.86386,-0.0011314,-0.50373
-0.50441,0.03922,0.86257,0.017993,0.99923,-0.034912,-0.86327,-0.0020901,-0.50473
-0.50485,0.038607,0.86234,0.017919,0.99925,-0.034246,-0.86302,-0.0018371,-0.50517
-0.50505,0.037803,0.86226,0.017858,0.99928,-0.033351,-0.86291,-0.001446,-0.50536
-0.50507,0.037266,0.86227,0.018044,0.9993,-0.032619,-0.86289,-0.00091595,-0.50539
-0.50515,0.036751,0.86225,0.017726,0.99932,-0.032208,-0.86285,-0.00098597,-0.50546
-0.50539,0.03521,0.86217,0.01608,0.99938,-0.031387,-0.86274,-0.001999,-0.50564
-0.50536,0.034207,0.86223,0.015574,0.99941,-0.030522,-0.86277,-0.0019963,-0.5056
-0.50483,0.033579,0.86256,0.014382,0.99943,-0.03049,-0.8631,-0.0029869,-0.50503
-0.50368,0.03212,0.86329,0.013884,0.99948,-0.029087,-0.86378,-0.002665,-0.50386
-0.50164,0.029921,0.86456,0.014311,0.99955,-0.026289,-0.86496,-0.00081501,-0.50184
-0.49922,0.02839,0.86601,0.014638,0.9996,-0.024331,-0.86635,0.00052997,-0.49944
-0.49691,0.027985,0.86735,0.014892,0.99961,-0.02372,-0.86768,0.0011302,-0.49713
-0.49473,0.028527,0.86858,0.015539,0.99959,-0.023979,-0.86891,0.0016336,-0.49497
-0.49385,0.02886,0.86907,0.015384,0.99958,-0.024453,-0.86941,0.0012933,-0.49409
-0.49438,0.030226,0.86872,0.014786,0.99954,-0.026363,-0.86912,-0.00018857,-0.4946
-0.49722,0.031922,0.86704,0.013469,0.99949,-0.029075,-0.86752,-0.0027784,-0.49739
-0.50161,0.032541,0.86448,0.012368,0.99946,-0.030446,-0.86501,-0.0045802,-0.50174
-0.50704,0.031357,0.86135,0.012952,0.9995,-0.028762,-0.86183,-0.0034275,-0.50719
-0.51253,0.028742,0.85819,0.014377,0.99959,-0.024891,-0.85855,-0.00041868,-0.51273
-0.51773,0.026565,0.85513,0.011852,0.99964,-0.023879,-0.85546,-0.002228,-0.51786
-0.52264,0.029412,0.85205,0.013997,0.99957,-0.025918,-0.85244,-0.0016202,-0.52282
-0.52742,0.031893,0.849,0.014326,0.99949,-0.028647,-0.84948,-0.0029463,-0.52761
-0.53231,0.031833,0.84595,0.012675,0.99948,-0.029634,-0.84645,-0.0050522,-0.53244
-0.53609,0.03226,0.84354,0.011711,0.99946,-0.03078,-0.84408,-0.006622,-0.53618
-0.53935,0.031398,0.8415,0.01242,0.99949,-0.029332,-0.84199,-0.0053687,-0.53946
-0.54184,0.025565,0.84009,0.013593,0.99967,-0.021654,-0.84037,-0.00031363,-0.54201
-0.54396,0.016561,0.83895,0.01329,0.99985,-0.01112,-0.839,0.0051002,-0.5441
-0.54573,0.011948,0.83788,0.012662,0.9999,-0.0060108,-0.83787,0.0073293,-0.54582
-0.54679,0.019456,0.83704,0.013886,0.9998,-0.014168,-0.83715,0.0038764,-0.54695
-0.54781,0.025436,0.83622,0.015637,0.99967,-0.020164,-0.83646,0.0020295,-0.54803
-0.54825,0.03003,0.83578,0.021187,0.99953,-0.022016,-0.83605,0.0056373,-0.54863
-0.54799,0.030417,0.83593,0.024806,0.99949,-0.020107,-0.83612,0.0097175,-0.54847
-0.54745,0.027583,0.83638,0.02401,0.99956,-0.017249,-0.83649,0.010639,-0.54788
-0.54674,0.023409,0.83698,0.023062,0.99965,-0.012893,-0.83699,0.012253,-0.54709
-0.54596,0.016778,0.83764,0.020076,0.99977,-0.0069407,-0.83757,0.013027,-0.54618
-0.54551,0.010062,0.83804,0.011615,0.99992,-0.0044443,-0.83802,0.0073099,-0.54558
-0.54407,0.0058129,0.83902,0.0043375,0.99998,-0.0041154,-0.83903,0.0014002,-0.54408
-0.54207,0.0054884,0.84031,0.0065763,0.99998,-0.0022889,-0.84031,0.0042854,-0.5421
-0.53896,0.0079891,0.84229,0.010781,0.99994,-0.0025857,-0.84226,0.0076872,-0.53902
-0.53394,0.012505,0.84543,0.013213,0.99989,-0.0064446,-0.84542,0.0077297,-0.53404
-0.52624,0.015157,0.8502,0.01899,0.9998,-0.00607,-0.85012,0.012951,-0.52643
-0.51812,0.016866,0.85514,0.025864,0.99966,-0.0040453,-0.85492,0.020021,-0.51838
-0.50832,0.017239,0.861,0.02452,0.99968,-0.0055399,-0.86082,0.018295,-0.50858
-0.49747,0.015165,0.86735,0.022344,0.99974,-0.004664,-0.86719,0.01706,-0.49768
-0.48589,0.011538,0.87394,0.022125,0.99975,-0.00089796,-0.87374,0.0189,-0.48603
-0.47471,0.010053,0.88009,0.02184,0.99976,0.00035991,-0.87987,0.019392,-0.47481
-0.46284,0.0094247,0.88639,0.022613,0.99974,0.0011779,-0.88615,0.02059,-0.46294
-0.45082,0.010598,0.89255,0.024965,0.99969,0.00073884,-0.89227,0.022616,-0.45094
-0.43864,0.013043,0.89857,0.024215,0.9997,-0.0026905,-0.89834,0.020579,-0.43883
-0.42683,0.023866,0.90402,0.027851,0.99952,-0.013238,-0.9039,0.019527,-0.4273
-0.41417,0.029216,0.90973,0.028209,0.99942,-0.019254,-0.90976,0.017688,-0.41475
-0.40251,0.025177,0.91507,0.026392,0.99953,-0.015892,-0.91504,0.017754,-0.40298
-0.39055,0.021238,0.92034,0.025166,0.99961,-0.012388,-0.92024,0.018323,-0.39093
-0.38057,0.021969,0.92449,0.022215,0.99965,-0.01461,-0.92448,0.014977,-0.38093
-0.3733,0.025664,0.92735,0.018041,0.99963,-0.020402,-0.92753,0.009114,-0.37363
-0.36832,0.031181,0.92918,0.01232,0.99951,-0.028658,-0.92962,0.00089235,-0.36852
-0.36479,0.033035,0.9305,0.0094768,0.99945,-0.031767,-0.93104,-0.0027702,-0.3649
-0.36108,0.032667,0.93196,0.0074289,0.99946,-0.032154,-0.93251,-0.0046867,-0.36112
-0.3562,0.032993,0.93383,0.0078425,0.99945,-0.03232,-0.93438,-0.0041889,-0.35626
-0.35054,0.029795,0.93607,0.0057779,0.99954,-0.029651,-0.93653,-0.0049854,-0.35055
-0.34526,0.025141,0.93817,0.0047069,0.99967,-0.025057,-0.9385,-0.0042353,-0.34526
-0.33949,0.022506,0.94034,0.0038206,0.99974,-0.022549,-0.9406,-0.0040625,-0.33949
-0.33378,0.020638,0.94243,-0.0038214,0.99972,-0.023246,-0.94264,-0.01136,-0.33361
-0.32771,0.020987,0.94454,-0.011772,0.99958,-0.026295,-0.9447,-0.019737,-0.32733
-0.32096,0.023941,0.94679,-0.01076,0.99952,-0.028922,-0.94703,-0.01947,-0.32055
-0.31378,0.027943,0.94909,-0.0078763,0.99946,-0.03203,-0.94946,-0.017525,-0.31338
-0.30715,0.026367,0.9513,-0.0087353,0.9995,-0.030524,-0.95162,-0.017685,-0.30677
-0.3003,0.021187,0.95361,-0.009618,0.99964,-0.025239,-0.9538,-0.016751,-0.29999
-0.29322,0.018018,0.95588,-0.01095,0.99969,-0.022203,-0.95598,-0.016977,-0.29293
-0.28676,0.021119,0.95777,-0.012498,0.99959,-0.025783,-0.95792,-0.019363,-0.28638
-0.28046,0.023798,0.95957,-0.012538,0.99952,-0.028453,-0.95978,-0.020011,-0.28003
-0.27373,0.025474,0.96147,-0.013774,0.99944,-0.030401,-0.96171,-0.021565,-0.27323
-0.2669,0.024011,0.96343,-0.014573,0.99947,-0.028947,-0.96362,-0.021766,-0.26641
-0.25893,0.024183,0.96559,-0.011255,0.99954,-0.028051,-0.96583,-0.018131,-0.25854
-0.2511,0.024993,0.96764,-0.0076088,0.99958,-0.027793,-0.96793,-0.014341,-0.25081
-0.24442,0.025395,0.96934,-0.0059216,0.9996,-0.027681,-0.96965,-0.012506,-0.24417
-0.23781,0.024557,0.971,-0.01164,0.99954,-0.02813,-0.97124,-0.017992,-0.23742
-0.232,0.022871,0.97245,-0.015571,0.99951,-0.027222,-0.97259,-0.021458,-0.23153
-0.22721,0.022401,0.97359,-0.013474,0.99957,-0.026144,-0.97375,-0.019058,-0.22681
-0.22244,0.022497,0.97469,-0.011894,0.9996,-0.025786,-0.97487,-0.017329,-0.22209
-0.21781,0.02499,0.97567,-0.011177,0.99954,-0.028097,-0.97593,-0.017025,-0.21743
-0.21193,0.023422,0.97701,-0.0054565,0.99967,-0.025149,-0.97727,-0.010661,-0.21173
-0.20656,0.022227,0.97818,0.0017078,0.99975,-0.022356,-0.97843,-0.0029473,-0.20655
-0.20158,0.021032,0.97925,0.0042237,0.99978,-0.020604,-0.97946,-1.7238e-05,-0.20162
-0.19735,0.02314,0.98006,0.0027877,0.99973,-0.023043,-0.98033,-0.0018155,-0.19736
-0.19372,0.025007,0.98074,0.0014531,0.99968,-0.025203,-0.98106,-0.003457,-0.19369
-0.19184,0.023959,0.98113,-0.0012592,0.9997,-0.024658,-0.98142,-0.0059659,-0.19175
-0.19096,0.022597,0.98134,-0.001834,0.99973,-0.023377,-0.9816,-0.0062639,-0.19087
-0.18979,0.0194,0.98163,0.00018195,0.99981,-0.019724,-0.98183,-0.0035648,-0.18975
-0.18869,0.01353,0.98194,-0.00078901,0.9999,-0.013929,-0.98204,-0.0034031,-0.18866
-0.1879,0.010597,0.98213,-0.0012413,0.99994,-0.011027,-0.98219,-0.0032911,-0.18787
-0.18646,0.015829,0.98234,-0.00074332,0.99987,-0.016253,-0.98246,-0.0037606,-0.18642
-0.18638,0.020132,0.98227,-0.00050579,0.99979,-0.020587,-0.98248,-0.004334,-0.18633
-0.18656,0.019044,0.98226,-0.0034572,0.99979,-0.02004,-0.98244,-0.0071344,-0.18645
-0.18592,0.018581,0.98239,-0.0050108,0.99979,-0.019858,-0.98255,-0.0086146,-0.18578
-0.18549,0.017812,0.98248,-0.0023153,0.99983,-0.018563,-0.98264,-0.0057181,-0.18542
-0.18441,0.021009,0.98262,-0.0020835,0.99976,-0.021766,-0.98285,-0.0060612,-0.18432
-0.18472,0.022662,0.98253,-0.010277,0.99963,-0.024988,-0.98274,-0.014713,-0.18442
-0.18456,0.023404,0.98254,-0.016906,0.99949,-0.026983,-0.98268,-0.021591,-0.18407
-0.18405,0.027315,0.98254,-0.014529,0.99943,-0.030506,-0.98281,-0.01989,-0.18354
-0.18367,0.02766,0.9826,-0.012953,0.99945,-0.030555,-0.9829,-0.018339,-0.18321
-0.18196,0.029429,0.98287,-0.013604,0.99938,-0.032442,-0.98321,-0.019274,-0.18144
-0.18011,0.028468,0.98323,-0.0062179,0.99953,-0.030079,-0.98363,-0.011531,-0.17985
-0.17652,0.025902,0.98396,-3.216e-05,0.99965,-0.026321,-0.9843,-0.0046778,-0.17646
-0.17452,0.020035,0.98445,0.0038312,0.9998,-0.019668,-0.98465,0.00033915,-0.17456
-0.17092,0.019847,0.98509,0.0049909,0.9998,-0.019278,-0.98527,0.0016216,-0.17098
-0.16571,0.024616,0.98587,0.0070876,0.99969,-0.02377,-0.98615,0.0030485,-0.16583
-0.15951,0.027412,0.98682,0.0075606,0.99962,-0.026545,-0.98717,0.0032265,-0.15966
-0.15106,0.029789,0.98808,0.0085298,0.99955,-0.028831,-0.98849,0.0040728,-0.15125
-0.14147,0.024715,0.98963,0.00955,0.99968,-0.0236,-0.9899,0.0061123,-0.14166
-0.12959,0.02266,0.99131,0.013295,0.99969,-0.021114,-0.99148,0.010443,-0.12985
-0.11581,0.025629,0.99294,0.018167,0.99955,-0.023681,-0.99311,0.015296,-0.11623
-0.1015,0.026777,0.99447,0.017859,0.99953,-0.02509,-0.99467,0.015214,-0.10193
-0.087549,0.026698,0.9958,0.019661,0.99949,-0.025068,-0.99597,0.017383,-0.08803
-0.073781,0.028712,0.99686,0.020872,0.99941,-0.027241,-0.99706,0.018797,-0.074337
-0.060074,0.033964,0.99762,0.018175,0.99929,-0.032927,-0.99803,0.016154,-0.060649
-0.047293,0.043719,0.99792,0.011852,0.999,-0.043204,-0.99881,0.009784,-0.047764
-0.033651,0.051946,0.99808,0.0077753,0.99863,-0.051712,-0.9994,0.0060202,-0.034009
-0.020026,0.05369,0.99836,0.0071134,0.99854,-0.053557,-0.99977,0.0060292,-0.020379
-0.0081639,0.049529,0.99874,0.0035003,0.99877,-0.049502,-0.99996,0.0030918,-0.0083272
0.0026464,0.04615,0.99893,-0.00093272,0.99893,-0.046147,-1,-0.0008096,0.0026866
0.011924,0.052251,0.99856,-0.0045324,0.99863,-0.0522,-0.99992,-0.0039035,0.012144
0.018784,0.06077,0.99798,-0.0071156,0.99813,-0.060645,-0.9998,-0.005962,0.019182
0.02219,0.064364,0.99768,-0.010678,0.99788,-0.06414,-0.9997,-0.0092305,0.02283
0.022194,0.06086,0.9979,-0.012565,0.99808,-0.060592,-0.99967,-0.011194,0.022916
0.020457,0.054971,0.99828,-0.0152,0.99839,-0.054665,-0.99968,-0.014056,0.02126
0.017561,0.052156,0.99848,-0.013649,0.99856,-0.051919,-0.99975,-0.012717,0.018248
0.014817,0.052557,0.99851,-0.011084,0.99856,-0.052396,-0.99983,-0.010291,0.015378
0.011246,0.052869,0.99854,-0.0097897,0.99856,-0.05276,-0.99989,-0.009182,0.011748
0.0063893,0.050455,0.99871,-0.011013,0.99867,-0.050383,-0.99992,-0.010676,0.0069365
0.0011996,0.051694,0.99866,-0.010826,0.99861,-0.051678,-0.99994,-0.01075,0.0017576
-0.0047732,0.0497,0.99875,-0.012109,0.99869,-0.049755,-0.99992,-0.012332,-0.0041651
-0.01075,0.045894,0.99889,-0.010679,0.99888,-0.046009,-0.99989,-0.011162,-0.010248
-0.015938,0.04683,0.99878,-0.010696,0.99884,-0.047004,-0.99982,-0.011432,-0.015418
-0.021396,0.047938,0.99862,-0.012206,0.99876,-0.048207,-0.9997,-0.013221,-0.020784
-0.025582,0.049899,0.99843,-0.013056,0.99865,-0.050244,-0.99959,-0.014321,-0.024897
-0.028205,0.051789,0.99826,-0.013245,0.99855,-0.052179,-0.99951,-0.014694,-0.027478
-0.029926,0.053858,0.9981,-0.010488,0.99848,-0.054192,-0.9995,-0.012089,-0.029315
-0.029403,0.052656,0.99818,-0.0069883,0.99858,-0.052883,-0.99954,-0.0085305,-0.028993
-0.025611,0.048586,0.99849,-0.0045323,0.9988,-0.048717,-0.99966,-0.0057732,-0.02536
-0.018445,0.047805,0.99869,-0.0035095,0.99885,-0.047877,-0.99982,-0.004388,-0.018256
-0.0074184,0.048955,0.99877,-0.00064868,0.9988,-0.048961,-0.99997,-0.0010111,-0.0073778
0.0071214,0.049097,0.99877,0.0020051,0.99879,-0.049112,-0.99997,0.0023524,0.0070143
0.02244,0.047349,0.99863,0.0016273,0.99887,-0.047398,-0.99975,0.0026886,0.022337
0.038417,0.042159,0.99837,-0.0036688,0.99911,-0.042049,-0.99926,-0.0020474,0.038538
0.054919,0.035708,0.99785,-0.0046408,0.99936,-0.035507,-0.99848,-0.0026809,0.055049
0.071925,0.028688,0.997,-0.004992,0.99958,-0.028403,-0.9974,-0.0029342,0.072038
0.08958,0.021085,0.99576,-0.0050855,0.99977,-0.020713,-0.99597,-0.0032085,0.089667
0.10691,0.015068,0.99415,-0.0072685,0.99987,-0.014373,-0.99424,-0.0056894,0.107
0.12473,0.012246,0.99212,-0.0080808,0.9999,-0.011326,-0.99216,-0.0066044,0.12482
0.14288,0.011258,0.98968,-0.0059294,0.99993,-0.010519,-0.98972,-0.0043653,0.14293
0.16032,0.010511,0.98701,-0.0073278,0.99993,-0.0094585,-0.98704,-0.0057162,0.16039
0.17654,0.010275,0.98424,-0.011419,0.9999,-0.0083909,-0.98423,-0.0097573,0.17664
0.19099,0.006266,0.98157,-0.014173,0.99989,-0.0036253,-0.98149,-0.013219,0.19106
0.20337,0.0025546,0.9791,-0.011214,0.99994,-0.00027959,-0.97904,-0.010923,0.20339
0.21437,0.0011722,0.97675,-0.00805,0.99997,0.00056667,-0.97672,-0.0079843,0.21437
0.2243,0.004603,0.97451,-0.012427,0.99992,-0.0018629,-0.97444,-0.011692,0.22434
0.23309,0.011277,0.97239,-0.017344,0.99982,-0.0074377,-0.9723,-0.015132,0.23325
0.24227,0.021269,0.96997,-0.016825,0.9997,-0.017719,-0.97006,-0.012027,0.24256
0.25074,0.027614,0.96766,-0.01157,0.99961,-0.025527,-0.96799,-0.0047949,0.25096
0.25742,0.02647,0.96594,-0.0099837,0.99964,-0.024733,-0.96625,-0.0032768,0.2576
0.26331,0.019279,0.96452,-0.012999,0.99978,-0.016435,-0.96462,-0.0082103,0.26351
0.2676,0.0088502,0.96349,-0.016485,0.99985,-0.0046056,-0.96339,-0.014651,0.26771
0.26976,-0.00021815,0.96293,-0.018698,0.99981,0.0054649,-0.96274,-0.019479,0.26971
0.27081,-0.0013557,0.96263,-0.014657,0.99988,0.0055314,-0.96252,-0.015607,0.27076
0.27216,0.00135,0.96225,-0.011186,0.99994,0.0017608,-0.96219,-0.011243,0.27216
0.27378,0.0006608,0.96179,-0.0073956,0.99997,0.0014182,-0.96176,-0.0075013,0.27378
0.2755,-0.00051983,0.9613,-0.0097529,0.99995,0.0033359,-0.96125,-0.010295,0.27548
0.27815,-0.0044821,0.96053,-0.0095724,0.99993,0.0074379,-0.96049,-0.011263,0.27809
0.28128,-0.0099339,0.95957,-0.0094514,0.99987,0.013122,-0.95958,-0.01276,0.28115
0.28545,-0.013192,0.9583,-0.0081688,0.99984,0.016197,-0.95836,-0.012451,0.28529
0.29158,-0.014836,0.95643,-0.0061548,0.99983,0.017386,-0.95653,-0.010956,0.29144
0.29956,-0.017949,0.95391,-0.0041424,0.99979,0.020113,-0.95407,-0.0099764,0.29942
0.30904,-0.020052,0.95084,-0.001794,0.99976,0.021667,-0.95105,-0.0084019,0.30893
0.32015,-0.018421,0.94719,-0.0028348,0.99979,0.020402,-0.94736,-0.009217,0.32003
0.33167,-0.014675,0.94328,-0.0043827,0.99984,0.017096,-0.94339,-0.0098043,0.33155
0.34321,-0.011111,0.93919,-0.0052658,0.99989,0.013753,-0.93924,-0.0096659,0.34311
0.35493,-0.010355,0.93483,-0.0041555,0.99991,0.012653,-0.93488,-0.0083758,0.35486
0.36633,-0.01342,0.93039,-0.002983,0.99987,0.015596,-0.93048,-0.0084886,0.36624
0.37733,-0.014995,0.92596,-0.0044785,0.99983,0.018017,-0.92607,-0.010945,0.3772
0.38873,-0.015682,0.92122,-0.005481,0.9998,0.019333,-0.92134,-0.012564,0.38856
0.39835,-0.017042,0.91708,-0.0097113,0.99969,0.022796,-0.91718,-0.017987,0.39806
0.4056,-0.015461,0.91392,-0.012969,0.99966,0.022667,-0.91396,-0.021046,0.40526
0.41002,-0.018011,0.9119,-0.013768,0.99957,0.025933,-0.91197,-0.023188,0.40959
0.41254,-0.022603,0.91066,-0.011151,0.99949,0.02986,-0.91087,-0.022473,0.41207
0.4128,-0.020846,0.91058,-0.0068345,0.99964,0.025983,-0.9108,-0.016949,0.41251
0.41161,-0.021101,0.91112,-0.0056527,0.99965,0.025705,-0.91134,-0.015731,0.41134
0.41085,-0.019983,0.91149,-0.0021385,0.99974,0.022882,-0.9117,-0.01135,0.4107
0.41065,-0.021162,0.91155,0.0019101,0.99975,0.022349,-0.91179,-0.0074367,0.41059
0.40999,-0.027689,0.91167,0.0051561,0.99959,0.02804,-0.91208,-0.0067957,0.40997
0.40893,-0.030619,0.91205,0.0058033,0.9995,0.030953,-0.91255,-0.0073644,0.4089
0.40731,-0.033081,0.91269,0.0057236,0.99942,0.03367,-0.91327,-0.0084903,0.40726
0.40595,-0.033609,0.91328,0.0056653,0.9994,0.03426,-0.91388,-0.0087338,0.40589
0.40401,-0.03358,0.91414,0.0042093,0.99938,0.034852,-0.91474,-0.010232,0.4039
0.40228,-0.032833,0.91493,0.0033507,0.9994,0.034391,-0.91551,-0.010769,0.40215
0.40103,-0.029851,0.91558,0.0038281,0.99951,0.030911,-0.91606,-0.0088914,0.40095
0.4003,-0.0238,0.91608,0.0046633,0.9997,0.023935,-0.91637,-0.0053091,0.40029
0.39933,-0.019984,0.91659,0.0022984,0.99978,0.020796,-0.9168,-0.0061978,0.39929
0.39784,-0.022558,0.91718,0.00090547,0.99971,0.024195,-0.91745,-0.0087954,0.39774
0.39673,-0.025871,0.91757,-0.0011667,0.99959,0.028688,-0.91794,-0.012452,0.39653
0.39437,-0.025892,0.91859,-0.0048532,0.99953,0.030258,-0.91894,-0.016391,0.39406
0.38967,-0.025349,0.92061,-0.0078961,0.99949,0.030863,-0.92092,-0.019296,0.38927
0.38333,-0.02641,0.92323,-0.0072013,0.99948,0.031581,-0.92358,-0.018754,0.38294
0.37462,-0.026834,0.92679,-0.0074321,0.99946,0.031942,-0.92715,-0.018854,0.37422
0.36475,-0.026354,0.93073,-0.0054917,0.99952,0.030454,-0.93109,-0.016219,0.36443
0.35426,-0.023168,0.93486,-0.0055097,0.99962,0.026861,-0.93513,-0.014666,0.354
0.34272,-0.022158,0.93918,-0.0084618,0.99961,0.026672,-0.9394,-0.017088,0.3424
0.33173,-0.030128,0.94289,-0.0046463,0.99943,0.033569,-0.94336,-0.015517,0.3314
0.32308,-0.039656,0.94554,0.00049929,0.99913,0.041733,-0.94637,-0.013011,0.32282
0.31584,-0.045208,0.94774,0.0014488,0.99889,0.047165,-0.94881,-0.013523,0.31555
0.31119,-0.046239,0.94922,-0.0042907,0.99874,0.050058,-0.95034,-0.019651,0.3106
0.30873,-0.048288,0.94992,-0.0038499,0.99864,0.052016,-0.95114,-0.019716,0.30812
0.30705,-0.049062,0.95043,-0.0026543,0.99862,0.052407,-0.95169,-0.018615,0.3065
0.30604,-0.04754,0.95083,-0.0025503,0.99871,0.050755,-0.95201,-0.017958,0.30553
0.30564,-0.044957,0.95109,-0.0058272,0.99878,0.049084,-0.95213,-0.020544,0.305
0.30609,-0.04594,0.95089,-0.0066995,0.99871,0.050407,-0.95198,-0.0218,0.30539
0.30787,-0.046982,0.95027,-0.0073451,0.99863,0.051752,-0.9514,-0.022913,0.3071
0.30921,-0.048795,0.94974,-0.005912,0.99856,0.053228,-0.95098,-0.022074,0.30847
0.31071,-0.049848,0.9492,-0.002316,0.99858,0.053199,-0.9505,-0.018728,0.31015
0.31374,-0.051117,0.94813,-0.0011251,0.99853,0.054206,-0.94951,-0.018073,0.31322
0.31802,-0.052861,0.94661,-0.001996,0.9984,0.056424,-0.94808,-0.019833,0.3174
0.32303,-0.056899,0.94468,-0.0042239,0.99809,0.061561,-0.94638,-0.023876,0.32217
0.32826,-0.060532,0.94265,-0.0048712,0.99782,0.065771,-0.94457,-0.026182,0.32725
0.3327,-0.060762,0.94107,-0.0054254,0.99778,0.066341,-0.94302,-0.027178,0.33163
0.33718,-0.057106,0.93971,-0.011732,0.99783,0.064847,-0.94137,-0.03289,0.33578
0.34186,-0.050386,0.9384,-0.015206,0.99813,0.059133,-0.93963,-0.034485,0.34046
0.34647,-0.04688,0.93689,-0.019038,0.99819,0.056988,-0.93787,-0.037581,0.34495
0.35102,-0.047109,0.93518,-0.02139,0.99807,0.058306,-0.93613,-0.04047,0.34933
0.35504,-0.045392,0.93375,-0.023398,0.99808,0.057416,-0.93456,-0.042233,0.35329
0.35907,-0.04245,0.93234,-0.023591,0.99823,0.054535,-0.93301,-0.041577,0.35744
0.36368,-0.041913,0.93058,-0.023539,0.99825,0.054161,-0.93123,-0.041602,0.36206
0.36826,-0.043567,0.9287,-0.023576,0.99814,0.056174,-0.92942,-0.042582,0.36655
0.37257,-0.044087,0.92696,-0.020038,0.99826,0.055532,-0.92779,-0.039264,0.37103
0.37687,-0.044007,0.92522,-0.016806,0.99838,0.054332,-0.92611,-0.036025,0.37552
0.38106,-0.041397,0.92362,-0.017052,0.99851,0.051789,-0.92439,-0.035485,0.37979
0.38536,-0.04194,0.92181,-0.02168,0.99828,0.054483,-0.92251,-0.04098,0.38379
0.39001,-0.042353,0.91984,-0.024857,0.99809,0.056495,-0.92048,-0.044898,0.38821
0.39401,-0.040171,0.91823,-0.022595,0.99832,0.053371,-0.91883,-0.041776,0.39244
0.39802,-0.033725,0.91676,-0.021204,0.99872,0.045946,-0.91713,-0.037727,0.39679
0.40129,-0.027063,0.91555,-0.026806,0.99879,0.041273,-0.91556,-0.041105,0.40008
0.40433,-0.027124,0.91421,-0.033603,0.99844,0.044484,-0.914,-0.048706,0.40279
0.40701,-0.037173,0.91267,-0.033654,0.99788,0.055652,-0.9128,-0.053366,0.4049
0.40889,-0.049222,0.91125,-0.029526,0.99731,0.067119,-0.9121,-0.05435,0.40634
0.41052,-0.057447,0.91004,-0.030206,0.99661,0.076537,-0.91135,-0.058909,0.40739
0.41263,-0.060195,0.90891,-0.032298,0.99622,0.080641,-0.91033,-0.062631,0.40912
0.41539,-0.055915,0.90792,-0.031375,0.99663,0.075734,-0.9091,-0.059945,0.41224
0.41954,-0.049785,0.90637,-0.02996,0.99719,0.068642,-0.90724,-0.055953,0.41687
0.42379,-0.045377,0.90462,-0.029662,0.99751,0.063932,-0.90527,-0.053926,0.42139
0.42797,-0.043413,0.90275,-0.028127,0.99772,0.061315,-0.90336,-0.051633,0.42577
0.43205,-0.041092,0.90092,-0.027488,0.9979,0.058698,-0.90143,-0.050125,0.43001
0.43591,-0.042481,0.89899,-0.025587,0.9979,0.059561,-0.89963,-0.048965,0.43391
0.43932,-0.047347,0.89708,-0.025,0.99758,0.064894,-0.89798,-0.050936,0.43707
0.44228,-0.053007,0.89531,-0.022853,0.99726,0.070333,-0.89658,-0.051567,0.43986
0.44478,-0.058556,0.89372,-0.020939,0.99691,0.075737,-0.89539,-0.0524,0.44218
0.44671,-0.064005,0.89239,-0.01891,0.99654,0.080942,-0.89448,-0.053032,0.44395
0.44822,-0.070735,0.89112,-0.017382,0.99599,0.087802,-0.89376,-0.054844,0.44519
0.44994,-0.072125,0.89014,-0.01735,0.99584,0.08946,-0.89289,-0.055696,0.44682
0.45174,-0.061564,0.89002,-0.025736,0.9963,0.081978,-0.89178,-0.059939,0.44849
0.45262,-0.04822,0.8904,-0.028109,0.99727,0.068296,-0.89126,-0.05594,0.45003
0.45349,-0.038675,0.89042,-0.027816,0.99796,0.057512,-0.89083,-0.050848,0.45148
0.45344,-0.041063,0.89034,-0.027644,0.99781,0.060098,-0.89086,-0.051863,0.45131
0.45365,-0.047149,0.88993,-0.028867,0.9973,0.067552,-0.89071,-0.056335,0.45106
0.45504,-0.048929,0.88912,-0.027108,0.99727,0.068753,-0.89006,-0.055388,0.45247
0.45604,-0.048761,0.88862,-0.024027,0.99746,0.067064,-0.88963,-0.051935,0.45371
0.45741,-0.050236,0.88784,-0.019485,0.9976,0.066485,-0.88904,-0.04771,0.45533
0.4589,-0.055083,0.88678,-0.019054,0.99724,0.071805,-0.88828,-0.049848,0.45658
0.45992,-0.057832,0.88607,-0.02093,0.99689,0.075929,-0.88771,-0.053467,0.45728
0.46099,-0.056451,0.88561,-0.022185,0.99693,0.075095,-0.88713,-0.054265,0.45832
0.46217,-0.053414,0.88518,-0.021115,0.99724,0.071201,-0.88654,-0.051597,0.45977
0.46372,-0.051005,0.88451,-0.020601,0.99745,0.068317,-0.88574,-0.049902,0.46148
0.46553,-0.053921,0.88339,-0.017321,0.9974,0.070008,-0.88486,-0.047892,0.46338
0.46892,-0.057211,0.88139,-0.017012,0.99713,0.073775,-0.88308,-0.049588,0.4666
0.47253,-0.059077,0.87933,-0.0165,0.99698,0.075848,-0.88116,-0.05035,0.47013
0.47675,-0.059697,0.87701,-0.014103,0.99704,0.075534,-0.87893,-0.048379,0.4745
0.48093,-0.05781,0.87485,-0.014689,0.99715,0.073966,-0.87663,-0.048423,0.47872
0.48498,-0.053569,0.87288,-0.019339,0.99722,0.071944,-0.87431,-0.051772,0.4826
0.49005,-0.049132,0.87031,-0.01885,0.99758,0.066931,-0.87149,-0.049205,0.48794
0.49728,-0.048887,0.86621,-0.01424,0.99782,0.06449,-0.86747,-0.044405,0.4955
0.5058,-0.049546,0.86123,-0.0099355,0.99795,0.063247,-0.8626,-0.040547,0.50427
0.51564,-0.052743,0.85518,-0.0042285,0.99793,0.064098,-0.85679,-0.036668,0.51436
0.52813,-0.053262,0.84749,-0.001022,0.99799,0.063357,-0.84916,-0.034327,0.52702
0.54123,-0.054321,0.83912,-0.0011113,0.99786,0.065315,-0.84087,-0.036283,0.54001
0.55422,-0.058547,0.83031,0.0009746,0.99757,0.06969,-0.83237,-0.037814,0.55292
0.56685,-0.061472,0.82153,-0.00028564,0.9972,0.074814,-0.82382,-0.042643,0.56524
0.57762,-0.058896,0.81418,-0.004371,0.99716,0.075233,-0.81629,-0.047015,0.57572
0.58646,-0.053216,0.80823,-0.0095232,0.99732,0.072576,-0.80992,-0.050259,0.58438
0.59268,-0.047798,0.80402,-0.014538,0.99744,0.070013,-0.80531,-0.053184,0.59047
0.59466,-0.044075,0.80277,-0.020232,0.99736,0.069745,-0.80373,-0.057716,0.59219
0.59223,-0.037781,0.80488,-0.028294,0.99731,0.067632,-0.80527,-0.062827,0.58957
0.58533,-0.030618,0.81022,-0.036285,0.9973,0.063901,-0.80998,-0.066802,0.58264
0.57618,-0.024998,0.81694,-0.039967,0.99747,0.058712,-0.81634,-0.06648,0.57373
0.56564,-0.025989,0.82425,-0.03503,0.99784,0.055502,-0.82391,-0.060267,0.56351
0.55581,-0.030001,0.83077,-0.033209,0.99775,0.058249,-0.83065,-0.059964,0.55356
0.54598,-0.029167,0.83729,-0.037715,0.99752,0.059342,-0.83695,-0.063978,0.54353
0.53652,-0.031745,0.84329,-0.035959,0.99752,0.060429,-0.84312,-0.062746,0.53406
0.52835,-0.032373,0.84841,-0.031294,0.99785,0.057564,-0.84845,-0.056964,0.5262
0.5194,-0.032151,0.85393,-0.028617,0.99808,0.054984,-0.85405,-0.052995,0.51748
0.51195,-0.030115,0.85849,-0.031372,0.99806,0.053719,-0.85844,-0.054434,0.51001
0.5055,-0.030478,0.86229,-0.033729,0.99791,0.055045,-0.86217,-0.056909,0.50342
0.50032,-0.033762,0.86518,-0.037073,0.99749,0.060363,-0.86505,-0.062275,0.49781
0.49529,-0.038029,0.8679,-0.038783,0.99708,0.065822,-0.86786,-0.066261,0.49236
0.49113,-0.042991,0.87002,-0.03859,0.99673,0.071036,-0.87023,-0.068462,0.48787
0.48824,-0.039746,0.8718,-0.042001,0.99673,0.068963,-0.8717,-0.070287,0.48498
0.48566,-0.02973,0.87364,-0.047947,0.99701,0.060582,-0.87283,-0.071311,0.48278
0.48399,-0.017649,0.8749,-0.049971,0.99761,0.047768,-0.87365,-0.066838,0.48195
0.48254,-0.01147,0.8758,-0.049262,0.99798,0.040212,-0.87449,-0.062547,0.48099
0.48116,-0.01026,0.87657,-0.051178,0.9979,0.039772,-0.87514,-0.063998,0.47962
0.48016,-0.013742,0.87707,-0.053402,0.99756,0.044865,-0.87555,-0.06838,0.47826
0.48012,-0.01651,0.87705,-0.05128,0.99758,0.046851,-0.8757,-0.067469,0.47812
0.48094,-0.019917,0.87653,-0.047513,0.99768,0.04874,-0.87546,-0.065088,0.47888
0.48263,-0.022677,0.87553,-0.046987,0.99755,0.051739,-0.87456,-0.06611,0.48039
0.48604,-0.024336,0.8736,-0.046049,0.99751,0.053408,-0.87272,-0.066187,0.48371
0.49021,-0.023752,0.87128,-0.045561,0.99756,0.052829,-0.87041,-0.065594,0.48794
0.494,-0.023874,0.86914,-0.046,0.99751,0.053546,-0.86825,-0.066432,0.49166
0.4975,-0.022024,0.86718,-0.049637,0.99732,0.053805,-0.86604,-0.069813,0.49507
0.50163,-0.019758,0.86485,-0.050592,0.99736,0.052129,-0.8636,-0.069904,0.49931
0.50607,-0.018572,0.86229,-0.04548,0.9978,0.048182,-0.86129,-0.0636,0.50411
0.51127,-0.016071,0.85927,-0.043167,0.99808,0.044351,-0.85834,-0.059767,0.5096
0.51777,-0.014556,0.8554,-0.041487,0.99825,0.042099,-0.85451,-0.057286,0.51626
0.52545,-0.016025,0.85068,-0.041426,0.99815,0.044391,-0.84982,-0.058565,0.52381
0.53237,-0.018898,0.8463,-0.04451,0.99774,0.05028,-0.84534,-0.064436,0.53033
0.5393,-0.022701,0.84181,-0.046945,0.99727,0.056969,-0.84081,-0.070242,0.53676
0.54633,-0.02672,0.83715,-0.050249,0.99665,0.064603,-0.83606,-0.07736,0.54315
0.55325,-0.02825,0.83254,-0.051755,0.99633,0.0682,-0.83141,-0.080819,0.54975
0.56082,-0.025886,0.82753,-0.051386,0.9965,0.065996,-0.82634,-0.079536,0.55753
0.56832,-0.02045,0.82255,-0.049399,0.99704,0.058918,-0.82132,-0.074118,0.56563
0.57584,-0.013209,0.81745,-0.04893,0.99752,0.050587,-0.8161,-0.069128,0.57377
0.58266,-0.010101,0.81265,-0.044245,0.99805,0.044128,-0.81151,-0.061667,0.58108
0.58959,-0.0091091,0.80765,-0.038392,0.99849,0.039287,-0.80679,-0.05417,0.58835
0.59613,-0.01515,0.80275,-0.030158,0.99869,0.041244,-0.80232,-0.048796,0.59489
0.60361,-0.021527,0.79699,-0.025005,0.99863,0.045911,-0.79689,-0.047641,0.60224
0.61092,-0.030017,0.79113,-0.020655,0.99834,0.053829,-0.79143,-0.049225,0.60928
0.61806,-0.034545,0.78537,-0.017694,0.99817,0.057829,-0.78593,-0.049638,0.61632
0.62433,-0.036739,0.7803,-0.017618,0.99798,0.061084,-0.78096,-0.051884,0.62242
0.6309,-0.034376,0.77511,-0.021645,0.99785,0.061873,-0.77557,-0.055812,0.62879
0.63695,-0.032622,0.77021,-0.026455,0.99759,0.06413,-0.77045,-0.061224,0.63456
0.64135,-0.035408,0.76643,-0.023473,0.99756,0.065727,-0.76689,-0.060144,0.63895
0.64565,-0.033984,0.76288,-0.024376,0.99758,0.065069,-0.76325,-0.060608,0.64326
0.64978,-0.032286,0.75944,-0.022026,0.99788,0.061269,-0.7598,-0.056539,0.64769
0.65475,-0.028773,0.7553,-0.020405,0.99824,0.055716,-0.75557,-0.051892,0.65301
0.65866,-0.02976,0.75185,-0.019531,0.9982,0.056622,-0.75218,-0.05198,0.6569
0.66266,-0.030646,0.7483,-0.023134,0.99785,0.061353,-0.74857,-0.057967,0.66052
0.66651,-0.033849,0.74473,-0.02522,0.99737,0.067904,-0.74507,-0.064041,0.6639
0.67076,-0.033215,0.74093,-0.024105,0.99749,0.066539,-0.74128,-0.062492,0.66828
0.67489,-0.027699,0.73739,-0.026599,0.99773,0.061823,-0.73744,-0.061338,0.67263
0.67908,-0.023915,0.73367,-0.026656,0.99801,0.057203,-0.73358,-0.058402,0.67709
0.68313,-0.026393,0.72982,-0.020414,0.99827,0.055209,-0.73001,-0.052614,0.6814
0.6872,-0.030695,0.72582,-0.016066,0.99822,0.057426,-0.72629,-0.051124,0.68549
0.69139,-0.035298,0.72162,-0.0096419,0.99827,0.058068,-0.72242,-0.047105,0.68985
0.69623,-0.038287,0.7168,-0.0045807,0.99832,0.057774,-0.71781,-0.043507,0.69488
0.70034,-0.043879,0.71246,0.0023175,0.99824,0.059201,-0.71381,-0.03981,0.69921
0.70441,-0.044156,0.70842,0.0014985,0.99815,0.060725,-0.7098,-0.041714,0.70317
0.70763,-0.043697,0.70524,-0.00014821,0.99808,0.061991,-0.70659,-0.043971,0.70626
0.71168,-0.042449,0.70122,0.0010666,0.99824,0.059347,-0.7025,-0.041488,0.71047
0.71547,-0.039784,0.69751,-0.0015352,0.99829,0.058513,-0.69865,-0.042935,0.71418
0.71913,-0.044557,0.69345,0.0040104,0.99819,0.059979,-0.69486,-0.040352,0.71801
0.72385,-0.044652,0.68851,0.0027038,0.99808,0.061886,-0.68995,-0.042935,0.72258
0.72718,-0.043464,0.68507,0.0036272,0.99822,0.059482,-0.68643,-0.04077,0.72605
0.73112,-0.046146,0.68068,0.0079543,0.99822,0.059129,-0.6822,-0.037816,0.73019
0.73424,-0.046434,0.6773,0.0054244,0.99803,0.062542,-0.67887,-0.042247,0.73304
0.73695,-0.043344,0.67456,-0.0015188,0.99783,0.065775,-0.67595,-0.049498,0.73529
0.73971,-0.043218,0.67154,-0.0024429,0.99776,0.066904,-0.67292,-0.05113,0.73794
0.74141,-0.048272,0.66932,0.00036988,0.99744,0.071527,-0.67106,-0.052783,0.73953
0.74342,-0.047541,0.66714,-0.0023499,0.99728,0.073687,-0.66882,-0.056348,0.74128
0.74479,-0.043164,0.6659,-0.0018986,0.99776,0.0668,-0.66729,-0.051016,0.74305
0.74549,-0.039979,0.66532,0.00047941,0.99823,0.059447,-0.66652,-0.043998,0.74419
0.74503,-0.039811,0.66585,0.00082,0.99827,0.058769,-0.66704,-0.043238,0.74377
0.74418,-0.041002,0.66672,-0.00056853,0.99808,0.062015,-0.66798,-0.04653,0.74273
0.74297,-0.043697,0.66789,-0.0010298,0.99779,0.066427,-0.66932,-0.050041,0.74129
0.74067,-0.045189,0.67035,-0.0011022,0.99765,0.06847,-0.67187,-0.051453,0.73888
0.7373,-0.044556,0.6741,-0.0019582,0.99768,0.068085,-0.67557,-0.051519,0.7355
0.73313,-0.038833,0.67898,-0.0063136,0.99794,0.063892,-0.68006,-0.051128,0.73137
0.72817,-0.034352,0.68454,-0.0089703,0.99818,0.059633,-0.68534,-0.049564,0.72653
0.72309,-0.033593,0.68994,-0.0080952,0.99834,0.057093,-0.69071,-0.046869,0.72161
0.71726,-0.033297,0.69601,-0.0097632,0.99828,0.057819,-0.69674,-0.048266,0.7157
0.7114,-0.03405,0.70196,-0.009372,0.99828,0.057922,-0.70272,-0.047784,0.70986
0.70594,-0.034219,0.70744,-0.013049,0.99803,0.061297,-0.70815,-0.052503,0.70411
0.69957,-0.038773,0.71351,-0.014275,0.99757,0.068205,-0.71442,-0.0579,0.69732
0.69313,-0.041596,0.71961,-0.018457,0.99698,0.075406,-0.72058,-0.065547,0.69027
0.68654,-0.038111,0.72609,-0.021301,0.99714,0.072479,-0.72678,-0.065226,0.68377
0.68088,-0.032093,0.73169,-0.021943,0.9977,0.064179,-0.73207,-0.059754,0.67861
0.67536,-0.028788,0.73693,-0.021113,0.99807,0.058338,-0.73719,-0.054958,0.67345
0.66985,-0.030554,0.74187,-0.019216,0.9981,0.058457,-0.74225,-0.053413,0.66799
0.66469,-0.033209,0.74638,-0.019116,0.99793,0.061425,-0.74687,-0.055097,0.66268
0.65995,-0.034486,0.75052,-0.019742,0.99781,0.063209,-0.75105,-0.056531,0.65782
0.65559,-0.036404,0.75424,-0.018845,0.99774,0.064537,-0.75488,-0.056523,0.65342
0.6514,-0.036617,0.75785,-0.020531,0.99762,0.065849,-0.75845,-0.058454,0.6491
0.6472,-0.035178,0.76151,-0.024413,0.99747,0.066827,-0.76193,-0.061841,0.6447
0.64333,-0.03412,0.76483,-0.026736,0.9974,0.066985,-0.76512,-0.063542,0.64075
0.63981,-0.032847,0.76783,-0.029034,0.99734,0.066859,-0.76798,-0.06507,0.63716
0.6362,-0.031428,0.77089,-0.030773,0.99734,0.066056,-0.77091,-0.065747,0.63354
0.63267,-0.029653,0.77386,-0.033136,0.99731,0.065306,-0.77372,-0.066959,0.62998
0.62947,-0.030928,0.77641,-0.031877,0.99734,0.065572,-0.77637,-0.066025,0.62681
0.62651,-0.031413,0.77878,-0.032042,0.9973,0.066003,-0.77876,-0.066305,0.62381
0.62351,-0.0321,0.78116,-0.032475,0.99723,0.0669,-0.78114,-0.067081,0.62074
0.62079,-0.031444,0.78335,-0.035283,0.99706,0.067984,-0.78318,-0.069843,0.61786
0.61764,-0.031988,0.78581,-0.036961,0.99689,0.069633,-0.78559,-0.072053,0.61454
0.61465,-0.030721,0.7882,-0.038817,0.99685,0.069124,-0.78784,-0.073083,0.61153
0.61158,-0.028084,0.79069,-0.039063,0.99708,0.065629,-0.79022,-0.071024,0.60869
0.60959,-0.028554,0.79221,-0.03854,0.9971,0.065595,-0.79178,-0.070518,0.60672
0.60855,-0.034688,0.79275,-0.034788,0.99692,0.070326,-0.79275,-0.070376,0.60547
0.60803,-0.044133,0.79269,-0.0303,0.99644,0.078718,-0.79334,-0.071882,0.60452
0.60734,-0.049792,0.79288,-0.02858,0.99602,0.084441,-0.79393,-0.073945,0.6035
0.60645,-0.049688,0.79357,-0.027527,0.99614,0.083408,-0.79465,-0.072427,0.60274
0.60583,-0.045271,0.7943,-0.025198,0.99679,0.076031,-0.79519,-0.066077,0.60275
0.60513,-0.040023,0.79512,-0.023733,0.99738,0.068265,-0.79578,-0.060179,0.60259
0.60406,-0.039463,0.79596,-0.020782,0.99765,0.065235,-0.79667,-0.055948,0.60182
0.6029,-0.042799,0.79667,-0.01807,0.99757,0.067267,-0.79761,-0.054952,0.60066
0.60172,-0.048767,0.79722,-0.014214,0.99732,0.071736,-0.79858,-0.054497,0.59942
0.60099,-0.053954,0.79743,-0.01122,0.99705,0.075916,-0.79918,-0.054571,0.59861
0.60029,-0.057754,0.79769,-0.0087282,0.99686,0.078742,-0.79973,-0.05423,0.5979
0.59986,-0.059332,0.7979,-0.007637,0.99678,0.079861,-0.80007,-0.053999,0.59747
0.59982,-0.058316,0.79801,-0.0063218,0.99696,0.077607,-0.80011,-0.051595,0.59763
0.59989,-0.056688,0.79807,-0.0044998,0.99723,0.074217,-0.80007,-0.048113,0.59797
0.60002,-0.057432,0.79792,-0.0038375,0.9972,0.074662,-0.79998,-0.04786,0.59812
