1,1.1976e-11,1.7046e-10,1.6653e-16,1.1976e-11,1,3.5625e-10,-1.1102e-16,1.7046e-10,3.5625e-10,1,2.2204e-16,0,0,0,1
0.99988,0.0013816,0.015408,0.012102,-0.001366,1,-0.001024,0.00044687,-0.015409,0.0010028,0.99988,0.12673,0,0,0,1
0.99934,0.0041393,0.036059,0.030218,-0.0041183,0.99999,-0.00065521,0.00097917,-0.036061,0.00050627,0.99935,0.26862,0,0,0,1
0.99801,0.0057088,0.062758,0.059875,-0.0057607,0.99998,0.00064638,0.0023081,-0.062753,-0.0010066,0.99803,0.43054,0,0,0,1
0.99535,0.0054116,0.096144,0.10504,-0.0057189,0.99998,0.0029212,0.0033224,-0.096126,-0.0034575,0.99536,0.60346,0,0,0,1
0.991,0.002438,0.13386,0.1653,-0.0031551,0.99998,0.0051452,0.0052645,-0.13385,-0.0055213,0.99099,0.78701,0,0,0,1
0.98488,-0.00087976,0.17323,0.24019,-0.00011486,0.99998,0.0057315,0.007625,-0.17323,-0.0056648,0.98486,0.98126,0,0,0,1
0.97634,-0.0012093,0.21624,0.32205,-0.00031053,0.99998,0.0069941,0.011212,-0.21625,-0.0068957,0.97631,1.1855,0,0,0,1
0.96448,-0.0011752,0.26415,0.41701,-0.0013471,0.99996,0.0093673,0.014745,-0.26415,-0.0093904,0.96444,1.3995,0,0,0,1
0.9501,-0.0041779,0.31192,0.53183,-0.0010099,0.99986,0.016468,0.013617,-0.31195,-0.015961,0.94997,1.62,0,0,0,1
0.93336,-0.014161,0.35867,0.67722,0.0055938,0.99967,0.024912,0.013042,-0.35891,-0.021245,0.93313,1.8419,0,0,0,1
0.91233,-0.020149,0.40896,0.83281,0.008865,0.99953,0.029469,0.016016,-0.40936,-0.02326,0.91208,2.0631,0,0,0,1
0.88727,-0.021777,0.46074,0.9991,0.0073556,0.99943,0.033072,0.019082,-0.4612,-0.025954,0.88692,2.2869,0,0,0,1
0.85902,-0.024093,0.51137,1.1881,0.0054601,0.99927,0.037908,0.024165,-0.51191,-0.029771,0.85852,2.5128,0,0,0,1
0.82705,-0.029183,0.56138,1.3998,0.0066314,0.99909,0.042167,0.030702,-0.5621,-0.031151,0.82649,2.7334,0,0,0,1
0.79119,-0.034867,0.61058,1.6342,0.0087917,0.99892,0.04565,0.036538,-0.61151,-0.03075,0.79064,2.948,0,0,0,1
0.75327,-0.039285,0.65653,1.8901,0.0098464,0.99878,0.048467,0.045999,-0.65763,-0.030044,0.75274,3.1605,0,0,0,1
0.71355,-0.042625,0.69931,2.1662,0.011123,0.99871,0.049525,0.05995,-0.70052,-0.02756,0.7131,3.3697,0,0,0,1
0.67164,-0.044608,0.73953,2.4659,0.010774,0.99867,0.050453,0.075811,-0.7408,-0.025919,0.67123,3.5799,0,0,0,1
0.62891,-0.044931,0.77618,2.7847,0.0061442,0.99858,0.052826,0.092325,-0.77746,-0.028454,0.62829,3.7922,0,0,0,1
0.58704,-0.045774,0.80826,3.1319,0.0032008,0.99852,0.054225,0.1078,-0.80955,-0.029245,0.58632,4.0004,0,0,0,1
0.54685,-0.047003,0.83591,3.5076,0.0015795,0.99848,0.055111,0.12413,-0.83723,-0.028817,0.54609,4.2023,0,0,0,1
0.508,-0.049528,0.85993,3.9094,0.00031205,0.99836,0.057316,0.13924,-0.86136,-0.028848,0.50718,4.4021,0,0,0,1
0.47057,-0.049398,0.88098,4.3386,-0.0025062,0.99835,0.057318,0.15756,-0.88236,-0.02918,0.46968,4.6004,0,0,0,1
0.43411,-0.048762,0.89954,4.7942,-0.0038334,0.99842,0.055973,0.17753,-0.90085,-0.027747,0.43324,4.7918,0,0,0,1
0.4002,-0.04738,0.9152,5.2777,-0.0024598,0.9986,0.052773,0.19879,-0.91643,-0.023371,0.39952,4.9741,0,0,0,1
0.37051,-0.045793,0.9277,5.7897,-0.00034073,0.99878,0.049438,0.22201,-0.92883,-0.018634,0.37004,5.152,0,0,0,1
0.34475,-0.04391,0.93767,6.3297,0.0010479,0.99892,0.046393,0.2454,-0.93869,-0.015012,0.34442,5.3307,0,0,0,1
0.32391,-0.043205,0.9451,6.8954,0.00224,0.99899,0.044901,0.26864,-0.94608,-0.012427,0.32368,5.511,0,0,0,1
0.30875,-0.043755,0.95014,7.4902,0.0031932,0.99898,0.044967,0.2909,-0.95114,-0.01085,0.30858,5.693,0,0,0,1
0.29714,-0.045351,0.95376,8.1092,0.0045067,0.99893,0.046094,0.31312,-0.95482,-0.009398,0.29702,5.878,0,0,0,1
0.28617,-0.047348,0.95701,8.7527,0.0033226,0.99882,0.048423,0.33679,-0.95817,-0.010678,0.28599,6.0682,0,0,0,1
0.27558,-0.049112,0.96002,9.4219,0.0016694,0.99872,0.050612,0.36269,-0.96128,-0.012345,0.27531,6.2603,0,0,0,1
0.26549,-0.050829,0.96277,10.112,0.00092903,0.99862,0.052466,0.39026,-0.96411,-0.013035,0.26517,6.4497,0,0,0,1
0.25529,-0.052767,0.96542,10.826,-0.00010241,0.99851,0.054602,0.41932,-0.96687,-0.014038,0.2549,6.637,0,0,0,1
0.24471,-0.054442,0.96807,11.56,-0.00024332,0.99842,0.05621,0.45145,-0.9696,-0.013991,0.24431,6.8205,0,0,0,1
0.23448,-0.055575,0.97053,12.311,-0.00026751,0.99836,0.057233,0.48612,-0.97212,-0.01368,0.23408,7.0008,0,0,0,1
0.22396,-0.058768,0.97283,13.082,-0.0016738,0.99816,0.060683,0.52336,-0.9746,-0.015219,0.22345,7.1782,0,0,0,1
0.21269,-0.061874,0.97516,13.862,-0.0034993,0.99794,0.064082,0.56315,-0.97711,-0.017042,0.21204,7.3503,0,0,0,1
0.20057,-0.066445,0.97742,14.65,-0.0045351,0.99762,0.068749,0.60349,-0.97967,-0.018221,0.19979,7.5123,0,0,0,1
0.18769,-0.068852,0.97981,15.444,-0.0054798,0.99745,0.071141,0.64434,-0.98221,-0.018722,0.18684,7.6637,0,0,0,1
0.17366,-0.069491,0.98235,16.241,-0.0059673,0.99741,0.071612,0.68498,-0.98479,-0.018298,0.1728,7.8038,0,0,0,1
0.15933,-0.0685,0.98485,17.046,-0.0073068,0.99748,0.070561,0.72724,-0.9872,-0.018439,0.15843,7.9335,0,0,0,1
0.14296,-0.067483,0.98743,17.857,-0.0079232,0.99756,0.069323,0.76799,-0.9897,-0.017734,0.14208,8.0483,0,0,0,1
0.12274,-0.065859,0.99025,18.673,-0.010368,0.99766,0.067636,0.80645,-0.99239,-0.018568,0.12176,8.1474,0,0,0,1
0.09757,-0.064609,0.99313,19.496,-0.014834,0.99769,0.066363,0.84565,-0.99512,-0.021207,0.096386,8.2282,0,0,0,1
0.067703,-0.064323,0.99563,20.322,-0.019148,0.99765,0.065755,0.88501,-0.99752,-0.023516,0.066312,8.2848,0,0,0,1
0.034799,-0.063899,0.99735,21.156,-0.022416,0.99765,0.0647,0.92328,-0.99914,-0.024608,0.033285,8.311,0,0,0,1
0.00055469,-0.063577,0.99798,21.993,-0.024323,0.99768,0.063572,0.95856,-0.9997,-0.024309,-0.00099299,8.3063,0,0,0,1
-0.033402,-0.062478,0.99749,22.83,-0.0252,0.99778,0.061652,0.99293,-0.99912,-0.023078,-0.034902,8.2717,0,0,0,1
-0.066188,-0.060329,0.99598,23.668,-0.026997,0.99791,0.058652,1.0256,-0.99744,-0.023007,-0.067679,8.2111,0,0,0,1
-0.098501,-0.057724,0.99346,24.505,-0.029714,0.99804,0.055044,1.0563,-0.99469,-0.024098,-0.10002,8.1249,0,0,0,1
-0.13092,-0.053428,0.98995,25.339,-0.027608,0.99836,0.050231,1.0842,-0.99101,-0.020754,-0.13218,8.0064,0,0,0,1
-0.16253,-0.047773,0.98555,26.169,-0.022282,0.99875,0.044738,1.1092,-0.98645,-0.014688,-0.1634,7.8556,0,0,0,1
-0.19298,-0.040873,0.98035,26.992,-0.016394,0.99913,0.038428,1.1283,-0.98107,-0.0086557,-0.19348,7.6798,0,0,0,1
-0.22178,-0.035483,0.97445,27.812,-0.010322,0.99937,0.034041,1.1431,-0.97504,-0.0025091,-0.222,7.4785,0,0,0,1
-0.2498,-0.029437,0.96785,28.631,-0.0022146,0.99955,0.02983,1.1521,-0.9683,0.0053079,-0.24975,7.2467,0,0,0,1
-0.27608,-0.020115,0.96092,29.438,0.0038348,0.99975,0.02203,1.1527,-0.96113,0.0097671,-0.27594,6.9977,0,0,0,1
-0.30155,-0.0046199,0.95344,30.23,0.0085145,0.99994,0.0075382,1.146,-0.95341,0.010391,-0.3015,6.7317,0,0,0,1
-0.32636,0.013069,0.94515,31.012,0.0099189,0.9999,-0.010401,1.1318,-0.94519,0.0059805,-0.32646,6.4524,0,0,0,1
-0.35147,0.028634,0.93576,31.783,0.0099045,0.99959,-0.026868,1.1086,-0.93615,-0.00017494,-0.35161,6.1577,0,0,0,1
-0.37625,0.039294,0.92569,32.551,0.01331,0.99923,-0.037005,1.0709,-0.92642,-0.001602,-0.37648,5.837,0,0,0,1
-0.39983,0.043415,0.91556,33.31,0.016233,0.99906,-0.040285,1.0264,-0.91645,-0.0012447,-0.40015,5.4955,0,0,0,1
-0.42235,0.043113,0.90541,34.061,0.019533,0.99907,-0.038461,0.97909,-0.90622,0.0014419,-0.4228,5.1358,0,0,0,1
-0.44268,0.039124,0.89583,34.804,0.023068,0.99921,-0.03224,0.93199,-0.89638,0.0063933,-0.44323,4.7581,0,0,0,1
-0.46069,0.036644,0.88681,35.532,0.029655,0.99923,-0.025884,0.88698,-0.88707,0.014374,-0.46142,4.3639,0,0,0,1
-0.47459,0.038358,0.87937,36.249,0.033682,0.99911,-0.025403,0.84269,-0.87956,0.017563,-0.47546,3.9632,0,0,0,1
-0.4858,0.041501,0.87308,36.954,0.036663,0.99896,-0.027084,0.80255,-0.8733,0.018852,-0.48682,3.5622,0,0,0,1
-0.49572,0.044725,0.86733,37.648,0.038639,0.99882,-0.029422,0.76302,-0.86762,0.018928,-0.49686,3.158,0,0,0,1
-0.5063,0.044744,0.86119,38.339,0.032995,0.99893,-0.032502,0.71899,-0.86172,0.011959,-0.50724,2.7564,0,0,0,1
-0.51788,0.042122,0.85441,39.029,0.030666,0.99906,-0.030665,0.67575,-0.8549,0.010321,-0.51869,2.346,0,0,0,1
-0.52663,0.044154,0.84895,39.707,0.033315,0.99896,-0.03129,0.63484,-0.84944,0.011804,-0.52755,1.9157,0,0,0,1
-0.53375,0.047513,0.8443,40.387,0.036983,0.99878,-0.032825,0.5916,-0.84483,0.013705,-0.53486,1.4766,0,0,0,1
-0.53774,0.050895,0.84157,41.078,0.037824,0.99863,-0.036225,0.5487,-0.84226,0.012352,-0.53893,1.0326,0,0,0,1
-0.53759,0.052805,0.84155,41.784,0.037756,0.99854,-0.038537,0.50775,-0.84236,0.011057,-0.5388,0.58109,0,0,0,1
-0.53442,0.053411,0.84353,42.507,0.03972,0.99849,-0.038058,0.4622,-0.84428,0.013166,-0.53574,0.12154,0,0,0,1
-0.52882,0.051634,0.84716,43.252,0.038042,0.99859,-0.037117,0.41577,-0.84788,0.0126,-0.53004,-0.33784,0,0,0,1
-0.52207,0.050585,0.8514,44.017,0.035984,0.99866,-0.037269,0.36961,-0.85214,0.01118,-0.52319,-0.79523,0,0,0,1
-0.51509,0.050015,0.85567,44.798,0.034291,0.9987,-0.037733,0.32292,-0.85645,0.0099054,-0.51614,-1.2556,0,0,0,1
-0.50888,0.04845,0.85947,45.598,0.031536,0.99879,-0.037631,0.27524,-0.86026,0.0079545,-0.50979,-1.7181,0,0,0,1
-0.50442,0.04648,0.86221,46.417,0.027358,0.99891,-0.037844,0.22512,-0.86303,0.0044994,-0.50514,-2.1826,0,0,0,1
-0.5029,0.043389,0.86325,47.253,0.022759,0.99906,-0.036956,0.17213,-0.86404,0.0010616,-0.50341,-2.6527,0,0,0,1
-0.50335,0.040712,0.86312,48.102,0.019531,0.99917,-0.03574,0.11919,-0.86386,-0.0011314,-0.50373,-3.1326,0,0,0,1
-0.50441,0.03922,0.86257,48.962,0.017993,0.99923,-0.034912,0.066144,-0.86328,-0.0020901,-0.50473,-3.6226,0,0,0,1
-0.50485,0.038607,0.86234,49.829,0.017919,0.99925,-0.034246,0.015434,-0.86302,-0.0018371,-0.50517,-4.1198,0,0,0,1
-0.50505,0.037803,0.86226,50.71,0.017858,0.99928,-0.033351,-0.033975,-0.86291,-0.001446,-0.50536,-4.6265,0,0,0,1
-0.50507,0.037266,0.86227,51.601,0.018044,0.9993,-0.032619,-0.084612,-0.86289,-0.00091595,-0.50539,-5.1385,0,0,0,1
-0.50515,0.036751,0.86225,52.497,0.017726,0.99932,-0.032208,-0.13598,-0.86285,-0.00098597,-0.50546,-5.6542,0,0,0,1
-0.50539,0.03521,0.86217,53.399,0.01608,0.99938,-0.031387,-0.18894,-0.86274,-0.001999,-0.50564,-6.1704,0,0,0,1
-0.50536,0.034207,0.86223,54.299,0.015574,0.99941,-0.030522,-0.24281,-0.86277,-0.0019963,-0.5056,-6.6869,0,0,0,1
-0.50483,0.033579,0.86256,55.197,0.014382,0.99943,-0.03049,-0.2987,-0.8631,-0.0029869,-0.50503,-7.2014,0,0,0,1
-0.50368,0.03212,0.86329,56.095,0.013884,0.99948,-0.029087,-0.35312,-0.86378,-0.002665,-0.50386,-7.7142,0,0,0,1
-0.50164,0.029921,0.86456,56.992,0.014311,0.99955,-0.026289,-0.40677,-0.86496,-0.00081501,-0.50184,-8.2256,0,0,0,1
-0.49922,0.02839,0.86601,57.889,0.014638,0.9996,-0.024331,-0.45876,-0.86635,0.00052997,-0.49944,-8.7334,0,0,0,1
-0.49691,0.027985,0.86735,58.783,0.014892,0.99961,-0.02372,-0.50905,-0.86768,0.0011302,-0.49713,-9.2367,0,0,0,1
-0.49473,0.028527,0.86858,59.676,0.015539,0.99959,-0.023979,-0.55925,-0.86891,0.0016336,-0.49497,-9.7383,0,0,0,1
-0.49385,0.02886,0.86907,60.568,0.015384,0.99958,-0.024453,-0.6094,-0.86941,0.0012933,-0.49409,-10.237,0,0,0,1
-0.49438,0.030226,0.86872,61.454,0.014786,0.99954,-0.026363,-0.66178,-0.86912,-0.00018857,-0.4946,-10.731,0,0,0,1
-0.49722,0.031922,0.86704,62.335,0.013469,0.99949,-0.029075,-0.71445,-0.86752,-0.0027784,-0.49739,-11.225,0,0,0,1
-0.50161,0.032541,0.86448,63.209,0.012368,0.99946,-0.030446,-0.76739,-0.86501,-0.0045802,-0.50174,-11.721,0,0,0,1
-0.50704,0.031357,0.86135,64.08,0.012952,0.9995,-0.028762,-0.81958,-0.86183,-0.0034275,-0.50719,-12.225,0,0,0,1
-0.51253,0.028742,0.85819,64.94,0.014377,0.99959,-0.024891,-0.87499,-0.85855,-0.00041868,-0.51273,-12.737,0,0,0,1
-0.51773,0.026565,0.85513,65.795,0.011852,0.99964,-0.023879,-0.9282,-0.85546,-0.002228,-0.51786,-13.246,0,0,0,1
-0.52264,0.029412,0.85205,66.638,0.013997,0.99957,-0.025918,-0.98054,-0.85244,-0.0016202,-0.52282,-13.759,0,0,0,1
-0.52742,0.031893,0.849,67.473,0.014326,0.99949,-0.028647,-1.0331,-0.84948,-0.0029463,-0.52761,-14.274,0,0,0,1
-0.53231,0.031833,0.84595,68.306,0.012675,0.99948,-0.029634,-1.0872,-0.84645,-0.0050522,-0.53244,-14.789,0,0,0,1
-0.53609,0.03226,0.84354,69.132,0.011711,0.99946,-0.03078,-1.1411,-0.84408,-0.006622,-0.53618,-15.308,0,0,0,1
-0.53935,0.031398,0.8415,69.952,0.01242,0.99949,-0.029332,-1.1922,-0.84199,-0.0053686,-0.53946,-15.83,0,0,0,1
-0.54184,0.025565,0.84009,70.775,0.013593,0.99967,-0.021654,-1.2385,-0.84037,-0.00031363,-0.54201,-16.359,0,0,0,1
-0.54396,0.016561,0.83895,71.595,0.01329,0.99985,-0.01112,-1.2822,-0.839,0.0051002,-0.5441,-16.887,0,0,0,1
-0.54573,0.011948,0.83788,72.409,0.012662,0.9999,-0.0060107,-1.318,-0.83787,0.0073293,-0.54582,-17.411,0,0,0,1
-0.54679,0.019456,0.83704,73.207,0.013886,0.9998,-0.014168,-1.3527,-0.83715,0.0038764,-0.54695,-17.93,0,0,0,1
-0.54781,0.025436,0.83622,73.999,0.015637,0.99967,-0.020164,-1.3912,-0.83646,0.0020295,-0.54803,-18.451,0,0,0,1
-0.54825,0.03003,0.83578,74.792,0.021187,0.99953,-0.022016,-1.43,-0.83605,0.0056373,-0.54863,-18.976,0,0,0,1
-0.54799,0.030417,0.83593,75.585,0.024806,0.99949,-0.020107,-1.4756,-0.83612,0.0097175,-0.54847,-19.5,0,0,0,1
-0.54745,0.027583,0.83638,76.382,0.02401,0.99956,-0.017249,-1.5177,-0.83649,0.010639,-0.54788,-20.018,0,0,0,1
-0.54674,0.023409,0.83698,77.178,0.023062,0.99965,-0.012893,-1.5538,-0.83699,0.012253,-0.54709,-20.534,0,0,0,1
-0.54596,0.016778,0.83764,77.976,0.020076,0.99977,-0.0069406,-1.5908,-0.83757,0.013027,-0.54618,-21.046,0,0,0,1
-0.54551,0.010062,0.83804,78.773,0.011616,0.99992,-0.0044443,-1.6229,-0.83802,0.0073099,-0.54558,-21.545,0,0,0,1
-0.54407,0.0058129,0.83902,79.571,0.0043375,0.99998,-0.0041154,-1.6475,-0.83903,0.0014002,-0.54408,-22.043,0,0,0,1
-0.54207,0.0054884,0.84031,80.36,0.0065763,0.99998,-0.0022889,-1.6726,-0.84031,0.0042854,-0.5421,-22.55,0,0,0,1
-0.53896,0.0079891,0.84229,81.145,0.010781,0.99994,-0.0025857,-1.7,-0.84226,0.0076872,-0.53902,-23.056,0,0,0,1
-0.53394,0.012505,0.84543,81.932,0.013213,0.99989,-0.0064446,-1.7237,-0.84542,0.0077297,-0.53404,-23.552,0,0,0,1
-0.52624,0.015157,0.8502,82.722,0.01899,0.9998,-0.00607,-1.7447,-0.85012,0.012951,-0.52643,-24.046,0,0,0,1
-0.51812,0.016866,0.85514,83.517,0.025864,0.99966,-0.0040453,-1.7702,-0.85492,0.020021,-0.51838,-24.535,0,0,0,1
-0.50832,0.017239,0.861,84.319,0.02452,0.99968,-0.0055399,-1.7885,-0.86082,0.018295,-0.50858,-25.003,0,0,0,1
-0.49747,0.015165,0.86735,85.131,0.022344,0.99974,-0.004664,-1.8058,-0.86719,0.01706,-0.49768,-25.457,0,0,0,1
-0.48589,0.011538,0.87394,85.945,0.022125,0.99975,-0.00089796,-1.8226,-0.87374,0.0189,-0.48603,-25.906,0,0,0,1
-0.47471,0.010053,0.88009,86.759,0.02184,0.99976,0.00035992,-1.8398,-0.87987,0.019392,-0.47481,-26.339,0,0,0,1
-0.46284,0.0094247,0.88639,87.584,0.022613,0.99974,0.001178,-1.8518,-0.88615,0.02059,-0.46294,-26.763,0,0,0,1
-0.45082,0.010598,0.89255,88.405,0.024965,0.99969,0.00073885,-1.8691,-0.89227,0.022616,-0.45094,-27.178,0,0,0,1
-0.43864,0.013043,0.89857,89.231,0.024215,0.9997,-0.0026905,-1.8939,-0.89834,0.020579,-0.43883,-27.575,0,0,0,1
-0.42683,0.023866,0.90402,90.052,0.027851,0.99952,-0.013238,-1.9178,-0.9039,0.019527,-0.4273,-27.963,0,0,0,1
-0.41417,0.029216,0.90973,90.881,0.028209,0.99942,-0.019254,-1.9439,-0.90976,0.017688,-0.41475,-28.339,0,0,0,1
-0.40251,0.025177,0.91507,91.722,0.026392,0.99953,-0.015892,-1.9775,-0.91504,0.017754,-0.40298,-28.702,0,0,0,1
-0.39055,0.021238,0.92034,92.567,0.025166,0.99961,-0.012388,-2.0116,-0.92024,0.018323,-0.39093,-29.056,0,0,0,1
-0.38057,0.021969,0.92449,93.409,0.022215,0.99965,-0.01461,-2.0463,-0.92448,0.014977,-0.38093,-29.395,0,0,0,1
-0.3733,0.025664,0.92735,94.249,0.018041,0.99963,-0.020402,-2.0821,-0.92753,0.009114,-0.37363,-29.722,0,0,0,1
-0.36832,0.031181,0.92918,95.092,0.01232,0.99951,-0.028658,-2.1199,-0.92962,0.00089235,-0.36852,-30.042,0,0,0,1
-0.36479,0.033035,0.9305,95.937,0.0094768,0.99945,-0.031767,-2.1632,-0.93104,-0.0027702,-0.3649,-30.364,0,0,0,1
-0.36108,0.032667,0.93196,96.784,0.0074289,0.99946,-0.032154,-2.2099,-0.93251,-0.0046867,-0.36112,-30.683,0,0,0,1
-0.3562,0.032993,0.93383,97.628,0.0078425,0.99945,-0.03232,-2.2545,-0.93438,-0.0041889,-0.35626,-31,0,0,0,1
-0.35054,0.029795,0.93607,98.478,0.0057779,0.99954,-0.029651,-2.3006,-0.93653,-0.0049854,-0.35055,-31.311,0,0,0,1
-0.34526,0.025141,0.93817,99.333,0.0047069,0.99967,-0.025057,-2.3479,-0.9385,-0.0042353,-0.34526,-31.617,0,0,0,1
-0.33949,0.022506,0.94034,100.18,0.0038206,0.99974,-0.022549,-2.3942,-0.9406,-0.0040625,-0.33949,-31.914,0,0,0,1
-0.33378,0.020638,0.94243,101.04,-0.0038214,0.99972,-0.023246,-2.4368,-0.94264,-0.01136,-0.33361,-32.196,0,0,0,1
-0.32771,0.020987,0.94454,101.89,-0.011772,0.99958,-0.026295,-2.4797,-0.9447,-0.019737,-0.32733,-32.469,0,0,0,1
-0.32096,0.023941,0.94679,102.74,-0.01076,0.99952,-0.028922,-2.5243,-0.94703,-0.01947,-0.32055,-32.746,0,0,0,1
-0.31378,0.027943,0.94909,103.59,-0.0078763,0.99946,-0.03203,-2.5678,-0.94946,-0.017525,-0.31339,-33.024,0,0,0,1
-0.30715,0.026367,0.9513,104.45,-0.0087353,0.9995,-0.030524,-2.6109,-0.95162,-0.017685,-0.30677,-33.289,0,0,0,1
-0.3003,0.021187,0.95361,105.31,-0.009618,0.99964,-0.025239,-2.6572,-0.9538,-0.016751,-0.29999,-33.554,0,0,0,1
-0.29322,0.018018,0.95588,106.17,-0.01095,0.99969,-0.022203,-2.7042,-0.95598,-0.016977,-0.29293,-33.81,0,0,0,1
-0.28676,0.021119,0.95777,107.03,-0.012498,0.99959,-0.025783,-2.7455,-0.95792,-0.019363,-0.28638,-34.058,0,0,0,1
-0.28046,0.023798,0.95957,107.89,-0.012538,0.99952,-0.028453,-2.7903,-0.95978,-0.020011,-0.28003,-34.298,0,0,0,1
-0.27373,0.025473,0.96147,108.75,-0.013774,0.99944,-0.030401,-2.8359,-0.96171,-0.021565,-0.27323,-34.534,0,0,0,1
-0.2669,0.024011,0.96343,109.62,-0.014573,0.99947,-0.028947,-2.8828,-0.96362,-0.021766,-0.26641,-34.764,0,0,0,1
-0.25893,0.024183,0.96559,110.49,-0.011255,0.99954,-0.028051,-2.9285,-0.96583,-0.018131,-0.25854,-34.993,0,0,0,1
-0.2511,0.024993,0.96764,111.35,-0.0076088,0.99958,-0.027793,-2.9736,-0.96793,-0.014341,-0.25081,-35.218,0,0,0,1
-0.24442,0.025395,0.96934,112.22,-0.0059216,0.9996,-0.027681,-3.0178,-0.96965,-0.012506,-0.24417,-35.432,0,0,0,1
-0.23781,0.024557,0.971,113.09,-0.01164,0.99954,-0.02813,-3.0627,-0.97124,-0.017992,-0.23742,-35.631,0,0,0,1
-0.232,0.022871,0.97245,113.97,-0.015571,0.99951,-0.027222,-3.1065,-0.97259,-0.021458,-0.23153,-35.824,0,0,0,1
-0.22721,0.022401,0.97359,114.84,-0.013474,0.99957,-0.026144,-3.1501,-0.97375,-0.019058,-0.22681,-36.023,0,0,0,1
-0.22244,0.022497,0.97469,115.71,-0.011894,0.9996,-0.025786,-3.1939,-0.97487,-0.017329,-0.22209,-36.218,0,0,0,1
-0.21781,0.02499,0.97567,116.59,-0.011177,0.99954,-0.028097,-3.2394,-0.97593,-0.017025,-0.21743,-36.408,0,0,0,1
-0.21193,0.023422,0.97701,117.46,-0.0054565,0.99967,-0.025149,-3.2792,-0.97727,-0.010661,-0.21173,-36.602,0,0,0,1
-0.20656,0.022227,0.97818,118.34,0.0017078,0.99975,-0.022356,-3.3184,-0.97843,-0.0029473,-0.20655,-36.794,0,0,0,1
-0.20158,0.021032,0.97925,119.21,0.0042237,0.99978,-0.020604,-3.3619,-0.97946,-1.7238e-05,-0.20162,-36.975,0,0,0,1
-0.19735,0.02314,0.98006,120.08,0.0027877,0.99973,-0.023043,-3.4011,-0.98033,-0.0018155,-0.19736,-37.145,0,0,0,1
-0.19372,0.025007,0.98074,120.96,0.0014531,0.99968,-0.025203,-3.4385,-0.98106,-0.003457,-0.19369,-37.311,0,0,0,1
-0.19184,0.023959,0.98113,121.83,-0.0012592,0.9997,-0.024658,-3.4814,-0.98142,-0.0059659,-0.19175,-37.475,0,0,0,1
-0.19096,0.022597,0.98134,122.7,-0.001834,0.99972,-0.023377,-3.5215,-0.9816,-0.0062639,-0.19087,-37.639,0,0,0,1
-0.18979,0.0194,0.98163,123.58,0.00018195,0.99981,-0.019724,-3.5584,-0.98183,-0.0035648,-0.18975,-37.809,0,0,0,1
-0.18869,0.01353,0.98194,124.45,-0.00078901,0.9999,-0.013929,-3.5961,-0.98204,-0.0034031,-0.18866,-37.976,0,0,0,1
-0.1879,0.010597,0.98213,125.32,-0.0012413,0.99994,-0.011027,-3.6311,-0.98219,-0.0032911,-0.18787,-38.141,0,0,0,1
-0.18646,0.015829,0.98234,126.18,-0.00074332,0.99987,-0.016253,-3.6643,-0.98246,-0.0037606,-0.18642,-38.306,0,0,0,1
-0.18638,0.020132,0.98227,127.03,-0.00050579,0.99979,-0.020587,-3.6977,-0.98248,-0.004334,-0.18633,-38.47,0,0,0,1
-0.18656,0.019044,0.98226,127.89,-0.0034572,0.99979,-0.02004,-3.7316,-0.98244,-0.0071344,-0.18645,-38.629,0,0,0,1
-0.18592,0.018581,0.98239,128.75,-0.0050108,0.99979,-0.019858,-3.7731,-0.98255,-0.0086146,-0.18578,-38.789,0,0,0,1
-0.18549,0.017812,0.98248,129.6,-0.0023153,0.99982,-0.018563,-3.8125,-0.98264,-0.0057181,-0.18542,-38.955,0,0,0,1
-0.18441,0.021009,0.98262,130.45,-0.0020835,0.99976,-0.021766,-3.8472,-0.98285,-0.0060612,-0.18432,-39.115,0,0,0,1
-0.18472,0.022662,0.98253,131.29,-0.010277,0.99963,-0.024988,-3.8902,-0.98274,-0.014713,-0.18442,-39.255,0,0,0,1
-0.18456,0.023404,0.98254,132.13,-0.016906,0.99949,-0.026983,-3.9323,-0.98268,-0.021591,-0.18407,-39.396,0,0,0,1
-0.18405,0.027315,0.98254,132.97,-0.014529,0.99943,-0.030506,-3.9746,-0.98281,-0.01989,-0.18354,-39.546,0,0,0,1
-0.18367,0.02766,0.9826,133.8,-0.012953,0.99945,-0.030555,-4.0189,-0.9829,-0.018339,-0.18321,-39.698,0,0,0,1
-0.18196,0.029429,0.98287,134.62,-0.013604,0.99938,-0.032442,-4.0634,-0.98321,-0.019274,-0.18144,-39.844,0,0,0,1
-0.18011,0.028468,0.98323,135.45,-0.0062179,0.99953,-0.030079,-4.1055,-0.98363,-0.011531,-0.17985,-40,0,0,0,1
-0.17652,0.025902,0.98396,136.27,-3.216e-05,0.99965,-0.026321,-4.147,-0.9843,-0.0046778,-0.17646,-40.153,0,0,0,1
-0.17452,0.020035,0.98445,137.09,0.0038312,0.9998,-0.019668,-4.1886,-0.98465,0.00033915,-0.17456,-40.301,0,0,0,1
-0.17092,0.019847,0.98509,137.9,0.0049909,0.9998,-0.019278,-4.2264,-0.98527,0.0016216,-0.17098,-40.438,0,0,0,1
-0.16571,0.024616,0.98587,138.71,0.0070876,0.99969,-0.02377,-4.2667,-0.98615,0.0030485,-0.16583,-40.571,0,0,0,1
-0.15951,0.027412,0.98682,139.51,0.0075606,0.99962,-0.026545,-4.3039,-0.98717,0.0032265,-0.15966,-40.696,0,0,0,1
-0.15106,0.029789,0.98808,140.31,0.0085298,0.99955,-0.028831,-4.3375,-0.98849,0.0040728,-0.15125,-40.812,0,0,0,1
-0.14147,0.024715,0.98963,141.11,0.00955,0.99968,-0.0236,-4.3779,-0.9899,0.0061123,-0.14166,-40.919,0,0,0,1
-0.12959,0.02266,0.99131,141.91,0.013295,0.99969,-0.021114,-4.4195,-0.99148,0.010443,-0.12985,-41.019,0,0,0,1
-0.11581,0.025629,0.99294,142.7,0.018167,0.99955,-0.023681,-4.4563,-0.99311,0.015296,-0.11623,-41.11,0,0,0,1
-0.1015,0.026777,0.99447,143.49,0.017859,0.99953,-0.02509,-4.4919,-0.99467,0.015214,-0.10193,-41.184,0,0,0,1
-0.087549,0.026697,0.9958,144.28,0.019661,0.99949,-0.025068,-4.5279,-0.99597,0.017383,-0.08803,-41.248,0,0,0,1
-0.073781,0.028712,0.99686,145.06,0.020872,0.99941,-0.027241,-4.5676,-0.99706,0.018797,-0.074337,-41.304,0,0,0,1
-0.060074,0.033964,0.99762,145.83,0.018175,0.99929,-0.032927,-4.6124,-0.99803,0.016154,-0.060649,-41.345,0,0,0,1
-0.047293,0.043718,0.99792,146.59,0.011852,0.999,-0.043204,-4.6579,-0.99881,0.009784,-0.047764,-41.367,0,0,0,1
-0.033651,0.051946,0.99808,147.35,0.0077753,0.99863,-0.051712,-4.7046,-0.9994,0.0060202,-0.034009,-41.382,0,0,0,1
-0.020026,0.05369,0.99836,148.12,0.0071134,0.99854,-0.053557,-4.755,-0.99977,0.0060292,-0.020379,-41.39,0,0,0,1
-0.0081639,0.049529,0.99874,148.89,0.0035003,0.99877,-0.049502,-4.81,-0.99996,0.0030918,-0.0083272,-41.385,0,0,0,1
0.0026464,0.04615,0.99893,149.65,-0.00093272,0.99893,-0.046148,-4.8662,-1,-0.0008096,0.0026866,-41.365,0,0,0,1
0.011924,0.052251,0.99856,150.39,-0.0045324,0.99863,-0.0522,-4.9226,-0.99992,-0.0039035,0.012144,-41.338,0,0,0,1
0.018784,0.06077,0.99797,151.14,-0.0071156,0.99813,-0.060645,-4.9752,-0.9998,-0.005962,0.019182,-41.307,0,0,0,1
0.02219,0.064364,0.99768,151.88,-0.010678,0.99788,-0.06414,-5.026,-0.9997,-0.0092305,0.02283,-41.272,0,0,0,1
0.022194,0.06086,0.9979,152.64,-0.012565,0.99808,-0.060592,-5.0853,-0.99967,-0.011194,0.022916,-41.243,0,0,0,1
0.020457,0.054971,0.99828,153.39,-0.0152,0.99839,-0.054665,-5.1501,-0.99968,-0.014056,0.02126,-41.217,0,0,0,1
0.017561,0.052156,0.99848,154.15,-0.013649,0.99856,-0.05192,-5.2046,-0.99975,-0.012717,0.018248,-41.193,0,0,0,1
0.014817,0.052557,0.99851,154.9,-0.011084,0.99856,-0.052396,-5.2539,-0.99983,-0.010291,0.015378,-41.172,0,0,0,1
0.011246,0.052869,0.99854,155.64,-0.0097897,0.99856,-0.05276,-5.3093,-0.99989,-0.009182,0.011748,-41.158,0,0,0,1
0.0063893,0.050455,0.99871,156.39,-0.011013,0.99867,-0.050383,-5.3663,-0.99992,-0.010676,0.0069365,-41.139,0,0,0,1
0.0011996,0.051694,0.99866,157.14,-0.010826,0.99861,-0.051678,-5.417,-0.99994,-0.01075,0.0017576,-41.129,0,0,0,1
-0.0047732,0.049701,0.99875,157.89,-0.012109,0.99869,-0.049755,-5.4709,-0.99992,-0.012332,-0.0041651,-41.122,0,0,0,1
-0.01075,0.045894,0.99889,158.63,-0.010679,0.99888,-0.046009,-5.5281,-0.99989,-0.011162,-0.010248,-41.121,0,0,0,1
-0.015938,0.04683,0.99878,159.36,-0.010696,0.99884,-0.047004,-5.5778,-0.99982,-0.011432,-0.015418,-41.123,0,0,0,1
-0.021396,0.047939,0.99862,160.1,-0.012206,0.99876,-0.048207,-5.6284,-0.9997,-0.013221,-0.020784,-41.126,0,0,0,1
-0.025582,0.049899,0.99843,160.82,-0.013056,0.99865,-0.050244,-5.6833,-0.99959,-0.014321,-0.024897,-41.133,0,0,0,1
-0.028205,0.051789,0.99826,161.54,-0.013245,0.99855,-0.052178,-5.7386,-0.99951,-0.014694,-0.027478,-41.143,0,0,0,1
-0.029926,0.053858,0.9981,162.26,-0.010488,0.99848,-0.054193,-5.7873,-0.9995,-0.012089,-0.029315,-41.159,0,0,0,1
-0.029403,0.052656,0.99818,162.97,-0.0069883,0.99858,-0.052883,-5.8405,-0.99954,-0.0085305,-0.028993,-41.173,0,0,0,1
-0.025611,0.048586,0.99849,163.69,-0.0045323,0.9988,-0.048717,-5.8954,-0.99966,-0.0057732,-0.02536,-41.185,0,0,0,1
-0.018445,0.047805,0.99869,164.4,-0.0035095,0.99885,-0.047877,-5.9504,-0.99982,-0.004388,-0.018256,-41.186,0,0,0,1
-0.0074184,0.048955,0.99877,165.1,-0.00064868,0.9988,-0.048961,-6.0016,-0.99997,-0.0010111,-0.0073778,-41.184,0,0,0,1
0.0071214,0.049097,0.99877,165.79,0.0020051,0.99879,-0.049113,-6.0484,-0.99997,0.0023524,0.0070143,-41.17,0,0,0,1
0.02244,0.047349,0.99863,166.49,0.0016273,0.99887,-0.047398,-6.0932,-0.99975,0.0026886,0.022337,-41.14,0,0,0,1
0.038417,0.042159,0.99837,167.17,-0.0036688,0.99911,-0.042049,-6.1372,-0.99926,-0.0020474,0.038538,-41.091,0,0,0,1
0.054919,0.035708,0.99785,167.85,-0.0046408,0.99936,-0.035507,-6.1817,-0.99848,-0.0026809,0.055049,-41.037,0,0,0,1
0.071925,0.028688,0.997,168.53,-0.004992,0.99958,-0.028403,-6.2216,-0.9974,-0.0029342,0.072038,-40.975,0,0,0,1
0.08958,0.021085,0.99576,169.2,-0.0050855,0.99977,-0.020713,-6.2579,-0.99597,-0.0032085,0.089667,-40.902,0,0,0,1
0.10691,0.015068,0.99415,169.86,-0.0072685,0.99987,-0.014373,-6.2918,-0.99424,-0.0056894,0.107,-40.814,0,0,0,1
0.12473,0.012246,0.99212,170.51,-0.0080808,0.9999,-0.011326,-6.3217,-0.99216,-0.0066044,0.12482,-40.718,0,0,0,1
0.14288,0.011258,0.98968,171.16,-0.0059294,0.99993,-0.010519,-6.3459,-0.98972,-0.0043653,0.14293,-40.615,0,0,0,1
0.16032,0.010511,0.98701,171.79,-0.0073278,0.99993,-0.0094585,-6.3648,-0.98704,-0.0057162,0.16039,-40.499,0,0,0,1
0.17654,0.010275,0.98424,172.41,-0.011419,0.9999,-0.0083908,-6.3839,-0.98423,-0.0097573,0.17664,-40.368,0,0,0,1
0.19099,0.006266,0.98157,173.03,-0.014173,0.99989,-0.0036253,-6.3985,-0.98149,-0.013219,0.19106,-40.234,0,0,0,1
0.20337,0.0025546,0.9791,173.66,-0.011214,0.99994,-0.0002796,-6.4145,-0.97904,-0.010923,0.20339,-40.101,0,0,0,1
0.21437,0.0011722,0.97675,174.27,-0.00805,0.99997,0.00056666,-6.4299,-0.97672,-0.0079843,0.21437,-39.962,0,0,0,1
0.2243,0.004603,0.97451,174.87,-0.012427,0.99992,-0.0018629,-6.4455,-0.97444,-0.011692,0.22434,-39.805,0,0,0,1
0.23309,0.011277,0.97239,175.47,-0.017344,0.99982,-0.0074376,-6.462,-0.9723,-0.015132,0.23325,-39.643,0,0,0,1
0.24227,0.021269,0.96997,176.05,-0.016825,0.9997,-0.017719,-6.4768,-0.97006,-0.012027,0.24256,-39.489,0,0,0,1
0.25074,0.027614,0.96766,176.64,-0.01157,0.99961,-0.025528,-6.4915,-0.96799,-0.0047949,0.25096,-39.337,0,0,0,1
0.25742,0.02647,0.96594,177.24,-0.0099837,0.99964,-0.024733,-6.5037,-0.96625,-0.0032768,0.2576,-39.177,0,0,0,1
0.26331,0.019278,0.96452,177.84,-0.012999,0.99978,-0.016435,-6.5234,-0.96462,-0.0082103,0.26351,-38.998,0,0,0,1
0.2676,0.0088502,0.96349,178.45,-0.016485,0.99985,-0.0046056,-6.5428,-0.96339,-0.014651,0.26771,-38.818,0,0,0,1
0.26976,-0.00021813,0.96293,179.05,-0.018698,0.99981,0.0054648,-6.5637,-0.96274,-0.019479,0.26971,-38.638,0,0,0,1
0.27081,-0.0013557,0.96263,179.65,-0.014657,0.99988,0.0055315,-6.577,-0.96252,-0.015607,0.27076,-38.468,0,0,0,1
0.27216,0.00135,0.96225,180.25,-0.011186,0.99994,0.0017608,-6.5875,-0.96219,-0.011243,0.27216,-38.298,0,0,0,1
0.27378,0.00066081,0.96179,180.84,-0.0073956,0.99997,0.0014182,-6.5898,-0.96176,-0.0075013,0.27378,-38.13,0,0,0,1
0.2755,-0.00051984,0.9613,181.44,-0.0097529,0.99995,0.0033359,-6.5925,-0.96125,-0.010295,0.27548,-37.954,0,0,0,1
0.27815,-0.0044821,0.96053,182.04,-0.0095724,0.99993,0.0074379,-6.5995,-0.96049,-0.011263,0.27809,-37.774,0,0,0,1
0.28128,-0.0099338,0.95957,182.65,-0.0094514,0.99987,0.013121,-6.6101,-0.95958,-0.01276,0.28115,-37.585,0,0,0,1
0.28545,-0.013192,0.9583,183.27,-0.0081688,0.99984,0.016197,-6.6182,-0.95836,-0.012451,0.28529,-37.393,0,0,0,1
0.29158,-0.014836,0.95643,183.88,-0.0061548,0.99983,0.017386,-6.6225,-0.95653,-0.010956,0.29144,-37.196,0,0,0,1
0.29956,-0.017949,0.95391,184.5,-0.0041424,0.99979,0.020113,-6.625,-0.95407,-0.0099764,0.29942,-36.994,0,0,0,1
0.30904,-0.020052,0.95084,185.11,-0.001794,0.99976,0.021667,-6.6253,-0.95105,-0.0084019,0.30893,-36.787,0,0,0,1
0.32015,-0.018421,0.94719,185.72,-0.0028348,0.99979,0.020402,-6.6265,-0.94736,-0.009217,0.32003,-36.569,0,0,0,1
0.33167,-0.014675,0.94328,186.33,-0.0043827,0.99984,0.017096,-6.6291,-0.94339,-0.0098043,0.33155,-36.336,0,0,0,1
0.34321,-0.011111,0.93919,186.94,-0.0052658,0.99989,0.013753,-6.6309,-0.93924,-0.0096659,0.34311,-36.098,0,0,0,1
0.35493,-0.010355,0.93483,187.56,-0.0041555,0.99991,0.012653,-6.6363,-0.93488,-0.0083758,0.35486,-35.847,0,0,0,1
0.36633,-0.01342,0.93039,188.18,-0.002983,0.99987,0.015596,-6.6417,-0.93048,-0.0084886,0.36624,-35.587,0,0,0,1
0.37733,-0.014995,0.92596,188.8,-0.0044785,0.99983,0.018017,-6.647,-0.92607,-0.010945,0.3772,-35.312,0,0,0,1
0.38873,-0.015682,0.92122,189.41,-0.005481,0.9998,0.019333,-6.6473,-0.92134,-0.012564,0.38856,-35.032,0,0,0,1
0.39835,-0.017042,0.91708,190.03,-0.0097113,0.99969,0.022796,-6.6466,-0.91718,-0.017987,0.39806,-34.745,0,0,0,1
0.4056,-0.015461,0.91392,190.66,-0.012969,0.99966,0.022667,-6.6454,-0.91396,-0.021046,0.40526,-34.454,0,0,0,1
0.41002,-0.018011,0.9119,191.3,-0.013768,0.99957,0.025933,-6.6464,-0.91197,-0.023188,0.40959,-34.158,0,0,0,1
0.41254,-0.022603,0.91066,191.95,-0.011151,0.99949,0.02986,-6.6424,-0.91087,-0.022473,0.41207,-33.867,0,0,0,1
0.4128,-0.020846,0.91058,192.6,-0.0068345,0.99964,0.025983,-6.6365,-0.9108,-0.016949,0.41251,-33.577,0,0,0,1
0.41161,-0.021101,0.91112,193.25,-0.0056527,0.99965,0.025705,-6.6293,-0.91134,-0.015731,0.41134,-33.28,0,0,0,1
0.41085,-0.019983,0.91149,193.92,-0.0021385,0.99974,0.022882,-6.6246,-0.9117,-0.01135,0.4107,-32.984,0,0,0,1
0.41065,-0.021162,0.91155,194.61,0.0019101,0.99975,0.022349,-6.62,-0.91179,-0.0074367,0.41059,-32.69,0,0,0,1
0.40999,-0.027689,0.91167,195.29,0.0051561,0.99959,0.02804,-6.6137,-0.91208,-0.0067957,0.40997,-32.392,0,0,0,1
0.40893,-0.030619,0.91205,195.98,0.0058033,0.9995,0.030953,-6.6076,-0.91255,-0.0073644,0.4089,-32.092,0,0,0,1
0.40731,-0.033081,0.91269,196.67,0.0057236,0.99942,0.03367,-6.6019,-0.91327,-0.0084903,0.40726,-31.789,0,0,0,1
0.40595,-0.033609,0.91328,197.36,0.0056653,0.9994,0.03426,-6.5901,-0.91388,-0.0087338,0.40589,-31.485,0,0,0,1
0.40401,-0.03358,0.91414,198.04,0.0042093,0.99938,0.034852,-6.578,-0.91474,-0.010232,0.4039,-31.179,0,0,0,1
0.40228,-0.032833,0.91493,198.73,0.0033507,0.9994,0.034391,-6.568,-0.91551,-0.010769,0.40215,-30.878,0,0,0,1
0.40103,-0.029851,0.91558,199.41,0.0038281,0.99951,0.030911,-6.5583,-0.91606,-0.0088914,0.40095,-30.578,0,0,0,1
0.4003,-0.0238,0.91608,200.1,0.0046633,0.9997,0.023935,-6.5442,-0.91637,-0.0053091,0.40029,-30.283,0,0,0,1
0.39933,-0.019984,0.91659,200.78,0.0022984,0.99978,0.020796,-6.531,-0.9168,-0.0061978,0.39929,-29.982,0,0,0,1
0.39784,-0.022558,0.91718,201.46,0.00090547,0.99971,0.024195,-6.52,-0.91745,-0.0087954,0.39775,-29.679,0,0,0,1
0.39673,-0.025871,0.91757,202.15,-0.0011667,0.99959,0.028688,-6.5088,-0.91794,-0.012452,0.39653,-29.378,0,0,0,1
0.39437,-0.025892,0.91859,202.83,-0.0048532,0.99953,0.030258,-6.5007,-0.91894,-0.016391,0.39406,-29.075,0,0,0,1
0.38967,-0.025349,0.92061,203.52,-0.0078961,0.99949,0.030863,-6.4898,-0.92092,-0.019296,0.38927,-28.776,0,0,0,1
0.38333,-0.02641,0.92323,204.21,-0.0072013,0.99948,0.031581,-6.4763,-0.92358,-0.018754,0.38294,-28.49,0,0,0,1
0.37462,-0.026834,0.92679,204.9,-0.0074321,0.99946,0.031942,-6.4667,-0.92715,-0.018854,0.37422,-28.212,0,0,0,1
0.36475,-0.026354,0.93073,205.59,-0.0054917,0.99952,0.030454,-6.4609,-0.93109,-0.016219,0.36443,-27.947,0,0,0,1
0.35426,-0.023168,0.93486,206.28,-0.0055097,0.99962,0.026861,-6.4573,-0.93513,-0.014666,0.354,-27.683,0,0,0,1
0.34272,-0.022158,0.93918,206.98,-0.0084618,0.99961,0.026672,-6.4516,-0.9394,-0.017088,0.3424,-27.425,0,0,0,1
0.33173,-0.030128,0.94289,207.68,-0.0046463,0.99943,0.033569,-6.4429,-0.94336,-0.015517,0.3314,-27.182,0,0,0,1
0.32308,-0.039656,0.94554,208.4,0.00049929,0.99913,0.041733,-6.4316,-0.94637,-0.013011,0.32282,-26.949,0,0,0,1
0.31584,-0.045207,0.94774,209.1,0.0014488,0.99889,0.047165,-6.4127,-0.94881,-0.013523,0.31555,-26.717,0,0,0,1
0.31119,-0.046239,0.94922,209.8,-0.0042907,0.99874,0.050058,-6.3908,-0.95034,-0.019651,0.3106,-26.477,0,0,0,1
0.30873,-0.048288,0.94992,210.51,-0.0038499,0.99864,0.052016,-6.3681,-0.95114,-0.019716,0.30812,-26.248,0,0,0,1
0.30705,-0.049062,0.95043,211.23,-0.0026543,0.99862,0.052407,-6.3441,-0.95169,-0.018615,0.3065,-26.016,0,0,0,1
0.30604,-0.04754,0.95083,211.94,-0.0025503,0.99871,0.050755,-6.3163,-0.95201,-0.017958,0.30553,-25.782,0,0,0,1
0.30564,-0.044957,0.95109,212.65,-0.0058272,0.99878,0.049084,-6.2884,-0.95213,-0.020544,0.305,-25.543,0,0,0,1
0.30609,-0.04594,0.95089,213.37,-0.0066995,0.99871,0.050407,-6.2665,-0.95198,-0.0218,0.30539,-25.307,0,0,0,1
0.30787,-0.046982,0.95027,214.1,-0.0073451,0.99863,0.051752,-6.2507,-0.9514,-0.022913,0.3071,-25.074,0,0,0,1
0.30921,-0.048795,0.94974,214.83,-0.005912,0.99856,0.053229,-6.234,-0.95098,-0.022074,0.30847,-24.842,0,0,0,1
0.31071,-0.049848,0.9492,215.56,-0.002316,0.99858,0.053199,-6.2156,-0.9505,-0.018728,0.31015,-24.61,0,0,0,1
0.31374,-0.051117,0.94813,216.29,-0.0011251,0.99853,0.054206,-6.1922,-0.94951,-0.018073,0.31322,-24.367,0,0,0,1
0.31802,-0.052861,0.94661,217.03,-0.001996,0.9984,0.056424,-6.1709,-0.94808,-0.019833,0.3174,-24.115,0,0,0,1
0.32303,-0.056899,0.94468,217.76,-0.0042239,0.99809,0.061561,-6.1415,-0.94638,-0.023876,0.32217,-23.853,0,0,0,1
0.32826,-0.060532,0.94265,218.5,-0.0048712,0.99782,0.065771,-6.1076,-0.94457,-0.026182,0.32725,-23.589,0,0,0,1
0.3327,-0.060762,0.94107,219.24,-0.0054254,0.99778,0.066341,-6.0766,-0.94302,-0.027178,0.33163,-23.318,0,0,0,1
0.33718,-0.057106,0.93971,219.97,-0.011732,0.99783,0.064847,-6.0488,-0.94137,-0.03289,0.33578,-23.037,0,0,0,1
0.34186,-0.050386,0.9384,220.71,-0.015206,0.99813,0.059133,-6.011,-0.93963,-0.034485,0.34046,-22.753,0,0,0,1
0.34647,-0.04688,0.93689,221.45,-0.019038,0.99819,0.056988,-5.9786,-0.93787,-0.037581,0.34495,-22.466,0,0,0,1
0.35102,-0.047109,0.93518,222.19,-0.02139,0.99807,0.058306,-5.9534,-0.93613,-0.04047,0.34933,-22.175,0,0,0,1
0.35504,-0.045392,0.93375,222.92,-0.023398,0.99808,0.057416,-5.9259,-0.93456,-0.042233,0.35329,-21.881,0,0,0,1
0.35907,-0.04245,0.93234,223.67,-0.023591,0.99823,0.054535,-5.9008,-0.93301,-0.041577,0.35744,-21.584,0,0,0,1
0.36368,-0.041913,0.93058,224.41,-0.023539,0.99825,0.054161,-5.8785,-0.93123,-0.041602,0.36206,-21.286,0,0,0,1
0.36826,-0.043567,0.9287,225.15,-0.023576,0.99814,0.056174,-5.8526,-0.92942,-0.042582,0.36655,-20.986,0,0,0,1
0.37257,-0.044087,0.92696,225.89,-0.020038,0.99826,0.055532,-5.8215,-0.92779,-0.039264,0.37103,-20.688,0,0,0,1
0.37687,-0.044007,0.92522,226.62,-0.016806,0.99838,0.054332,-5.7864,-0.92611,-0.036025,0.37552,-20.389,0,0,0,1
0.38106,-0.041397,0.92362,227.34,-0.017052,0.99851,0.05179,-5.7486,-0.92439,-0.035485,0.37979,-20.081,0,0,0,1
0.38536,-0.04194,0.92181,228.07,-0.02168,0.99828,0.054483,-5.7131,-0.92251,-0.04098,0.38379,-19.762,0,0,0,1
0.39001,-0.042353,0.91984,228.79,-0.024857,0.99809,0.056495,-5.6701,-0.92048,-0.044898,0.38821,-19.442,0,0,0,1
0.39401,-0.040171,0.91823,229.51,-0.022595,0.99832,0.053371,-5.635,-0.91883,-0.041776,0.39244,-19.13,0,0,0,1
0.39802,-0.033725,0.91676,230.22,-0.021204,0.99872,0.045947,-5.5985,-0.91713,-0.037727,0.39679,-18.813,0,0,0,1
0.40129,-0.027063,0.91555,230.93,-0.026806,0.99879,0.041273,-5.5634,-0.91556,-0.041105,0.40008,-18.485,0,0,0,1
0.40433,-0.027124,0.91421,231.65,-0.033603,0.99844,0.044484,-5.5317,-0.914,-0.048706,0.40279,-18.15,0,0,0,1
0.40701,-0.037173,0.91267,232.38,-0.033654,0.99788,0.055653,-5.5008,-0.9128,-0.053366,0.4049,-17.82,0,0,0,1
0.40889,-0.049222,0.91125,233.11,-0.029526,0.99731,0.067119,-5.4622,-0.9121,-0.05435,0.40634,-17.491,0,0,0,1
0.41052,-0.057447,0.91004,233.84,-0.030206,0.99661,0.076537,-5.4217,-0.91135,-0.058909,0.40739,-17.155,0,0,0,1
0.41263,-0.060195,0.90891,234.57,-0.032298,0.99622,0.080641,-5.3833,-0.91033,-0.062631,0.40912,-16.818,0,0,0,1
0.41539,-0.055915,0.90792,235.28,-0.031375,0.99663,0.075734,-5.3387,-0.9091,-0.059945,0.41224,-16.486,0,0,0,1
0.41954,-0.049785,0.90637,236,-0.02996,0.99719,0.068642,-5.2919,-0.90724,-0.055953,0.41687,-16.152,0,0,0,1
0.42379,-0.045377,0.90462,236.71,-0.029662,0.99751,0.063932,-5.2481,-0.90527,-0.053926,0.42139,-15.81,0,0,0,1
0.42797,-0.043413,0.90275,237.43,-0.028127,0.99772,0.061315,-5.2101,-0.90336,-0.051633,0.42577,-15.465,0,0,0,1
0.43205,-0.041092,0.90092,238.14,-0.027488,0.9979,0.058698,-5.167,-0.90143,-0.050125,0.43001,-15.118,0,0,0,1
0.43591,-0.042481,0.89899,238.85,-0.025587,0.9979,0.059561,-5.1266,-0.89963,-0.048966,0.43391,-14.765,0,0,0,1
0.43932,-0.047347,0.89708,239.57,-0.025,0.99758,0.064894,-5.0897,-0.89798,-0.050936,0.43707,-14.407,0,0,0,1
0.44228,-0.053007,0.89531,240.29,-0.022853,0.99726,0.070333,-5.0547,-0.89658,-0.051567,0.43986,-14.047,0,0,0,1
0.44478,-0.058556,0.89372,241.02,-0.020939,0.99691,0.075738,-5.0149,-0.89539,-0.0524,0.44218,-13.683,0,0,0,1
0.44671,-0.064005,0.89239,241.74,-0.01891,0.99654,0.080942,-4.9679,-0.89448,-0.053032,0.44395,-13.318,0,0,0,1
0.44822,-0.070735,0.89112,242.47,-0.017382,0.99599,0.087802,-4.9199,-0.89376,-0.054844,0.44519,-12.949,0,0,0,1
0.44994,-0.072125,0.89014,243.19,-0.01735,0.99584,0.08946,-4.8662,-0.89289,-0.055696,0.44682,-12.579,0,0,0,1
0.45174,-0.061564,0.89002,243.89,-0.025736,0.9963,0.081978,-4.8206,-0.89178,-0.059939,0.44849,-12.203,0,0,0,1
0.45262,-0.04822,0.8904,244.6,-0.028109,0.99727,0.068296,-4.7682,-0.89126,-0.05594,0.45003,-11.833,0,0,0,1
0.45349,-0.038675,0.89042,245.3,-0.027816,0.99796,0.057512,-4.7154,-0.89083,-0.050848,0.45148,-11.469,0,0,0,1
0.45344,-0.041063,0.89034,246.02,-0.027644,0.99781,0.060098,-4.667,-0.89086,-0.051863,0.45131,-11.098,0,0,0,1
0.45365,-0.047149,0.88993,246.75,-0.028867,0.9973,0.067552,-4.6283,-0.89071,-0.056335,0.45106,-10.721,0,0,0,1
0.45504,-0.048929,0.88912,247.47,-0.027108,0.99727,0.068753,-4.585,-0.89006,-0.055388,0.45247,-10.35,0,0,0,1
0.45604,-0.048761,0.88862,248.19,-0.024027,0.99746,0.067064,-4.5429,-0.88963,-0.051935,0.45371,-9.9798,0,0,0,1
0.45741,-0.050236,0.88784,248.92,-0.019485,0.9976,0.066485,-4.5063,-0.88904,-0.04771,0.45533,-9.6081,0,0,0,1
0.4589,-0.055083,0.88678,249.65,-0.019054,0.99724,0.071805,-4.4657,-0.88828,-0.049848,0.45658,-9.231,0,0,0,1
0.45992,-0.057832,0.88607,250.37,-0.02093,0.99689,0.075929,-4.4197,-0.88771,-0.053467,0.45728,-8.8514,0,0,0,1
0.46099,-0.056451,0.88561,251.09,-0.022185,0.99693,0.075095,-4.3713,-0.88713,-0.054265,0.45832,-8.4704,0,0,0,1
0.46217,-0.053414,0.88518,251.81,-0.021115,0.99724,0.071201,-4.3255,-0.88654,-0.051597,0.45977,-8.0901,0,0,0,1
0.46372,-0.051005,0.88451,252.52,-0.020601,0.99745,0.068317,-4.2756,-0.88574,-0.049902,0.46148,-7.7071,0,0,0,1
0.46553,-0.053921,0.88339,253.24,-0.017321,0.9974,0.070008,-4.2207,-0.88486,-0.047892,0.46338,-7.3255,0,0,0,1
0.46892,-0.057211,0.88139,253.96,-0.017012,0.99713,0.073775,-4.1614,-0.88308,-0.049588,0.4666,-6.9389,0,0,0,1
0.47253,-0.059077,0.87933,254.68,-0.0165,0.99698,0.075848,-4.1104,-0.88116,-0.05035,0.47013,-6.5456,0,0,0,1
0.47675,-0.059697,0.87701,255.39,-0.014103,0.99704,0.075534,-4.0488,-0.87893,-0.048379,0.4745,-6.1526,0,0,0,1
0.48093,-0.05781,0.87485,256.1,-0.014689,0.99715,0.073966,-3.9904,-0.87663,-0.048423,0.47872,-5.7556,0,0,0,1
0.48498,-0.053569,0.87288,256.8,-0.019339,0.99722,0.071944,-3.9301,-0.87431,-0.051772,0.4826,-5.3506,0,0,0,1
