1,-1.1976e-11,-1.7046e-10,1.1976e-11,1,-3.5625e-10,1.7046e-10,3.5625e-10,1
1,-0.001959,-0.0016301,0.0019574,1,-0.00097451,0.001632,0.00097131,1
0.99999,-0.002475,-0.0027558,0.0024687,0.99999,-0.0023168,0.0027616,0.00231,0.99999
0.99999,-0.0025282,-0.0045809,0.002512,0.99999,-0.0035266,0.0045898,0.0035151,0.99998
0.99997,-0.0046487,-0.0065953,0.0046128,0.99997,-0.005444,0.0066205,0.0054134,0.99996
0.99994,-0.0071346,-0.0081528,0.0070729,0.99995,-0.0075691,0.0082063,0.007511,0.99994
0.99992,-0.0083113,-0.0095391,0.0082303,0.99993,-0.0085008,0.0096091,0.0084216,0.99992
0.9999,-0.0085254,-0.010911,0.0084411,0.99993,-0.0077422,0.010976,0.0076494,0.99991
0.99989,-0.0088115,-0.012066,0.0087159,0.99993,-0.0079576,0.012135,0.0078515,0.9999
0.99988,-0.0082789,-0.013248,0.0081414,0.99991,-0.010401,0.013333,0.010292,0.99986
0.99987,-0.00658,-0.014391,0.0063743,0.99988,-0.014298,0.014483,0.014204,0.99979
0.99987,-0.0050828,-0.015612,0.0048008,0.99983,-0.018046,0.015701,0.017969,0.99972
0.99985,-0.0036238,-0.016805,0.003307,0.99982,-0.018845,0.016871,0.018787,0.99968
0.99984,-0.0011125,-0.017885,0.00089077,0.99992,-0.012403,0.017898,0.012385,0.99976
0.99983,-8.6721e-05,-0.018665,5.3587e-05,1,-0.0017757,0.018665,0.0017744,0.99982
0.99981,0.0010046,-0.019367,-0.00089892,0.99998,0.0054651,0.019372,-0.0054467,0.9998
0.99978,0.00339,-0.020617,-0.0032758,0.99998,0.0055667,0.020636,-0.005498,0.99977
0.99975,0.0055558,-0.021459,-0.0055952,0.99998,-0.0017786,0.021449,0.0018983,0.99977
0.99974,0.0048129,-0.022428,-0.0050134,0.99995,-0.0088906,0.022384,0.0090007,0.99971
0.99971,0.0026207,-0.02375,-0.0028192,0.99996,-0.0083266,0.023728,0.0083912,0.99968
0.99971,0.0018937,-0.024161,-0.0018581,1,0.0014965,0.024164,-0.0014512,0.99971
0.9997,0.0016251,-0.024579,-0.0013932,0.99995,0.0094524,0.024593,-0.0094152,0.99965
0.99969,0.00075836,-0.025035,-0.0004521,0.99993,0.012237,0.025043,-0.012221,0.99961
0.99968,-0.0013827,-0.025292,0.0016675,0.99994,0.011245,0.025275,-0.011283,0.99962
0.99969,-0.0021987,-0.024998,0.0024139,0.99996,0.0085818,0.024978,-0.0086395,0.99965
0.9997,5.7475e-05,-0.024327,6.6605e-05,0.99999,0.0050998,0.024327,-0.0050999,0.99969
0.99972,-0.0026366,-0.023346,0.0026326,1,-0.00020461,0.023347,0.0001431,0.99973
0.99973,-0.0055441,-0.022728,0.0053998,0.99996,-0.0064075,0.022763,0.006283,0.99972
0.99976,-0.0050859,-0.02153,0.0048195,0.99991,-0.012411,0.021592,0.012304,0.99969
0.99977,-0.0038388,-0.021278,0.0035553,0.9999,-0.013347,0.021328,0.013269,0.99968
0.99976,-0.0034227,-0.021536,0.0031481,0.99991,-0.012769,0.021578,0.012698,0.99969
0.99977,-0.0022044,-0.021484,0.0019102,0.9999,-0.013705,0.021512,0.01366,0.99968
0.99977,0.00046875,-0.021318,-0.00080753,0.99987,-0.015886,0.021308,0.015899,0.99965
0.99976,0.0040137,-0.021336,-0.0043715,0.99985,-0.016751,0.021265,0.01684,0.99963
0.99976,0.0057912,-0.02124,-0.006144,0.99984,-0.016581,0.021141,0.016707,0.99964
0.99975,0.0066554,-0.021464,-0.0070095,0.99984,-0.016465,0.021351,0.016611,0.99963
0.99974,0.006684,-0.021652,-0.0070438,0.99984,-0.016582,0.021538,0.01673,0.99963
0.99973,0.00747,-0.022005,-0.0078104,0.99985,-0.015425,0.021887,0.015592,0.99964
0.99972,0.0081692,-0.022299,-0.008472,0.99987,-0.01352,0.022185,0.013705,0.99966
0.9997,0.0088287,-0.022635,-0.0091075,0.99988,-0.012244,0.022524,0.012446,0.99967
0.9997,0.0086894,-0.022685,-0.0089855,0.99988,-0.012983,0.02257,0.013183,0.99966
0.99969,0.0097584,-0.022865,-0.010084,0.99985,-0.014161,0.022724,0.014388,0.99964
0.99969,0.0095631,-0.0232,-0.0098758,0.99986,-0.013405,0.023069,0.01363,0.99964
0.99968,0.0088596,-0.023878,-0.0091167,0.9999,-0.01068,0.023781,0.010895,0.99966
0.99967,0.0091034,-0.024205,-0.0092801,0.99993,-0.0071963,0.024138,0.0074185,0.99968
0.99965,0.0092843,-0.024707,-0.009401,0.99995,-0.0046089,0.024663,0.0048395,0.99968
0.99964,0.0092185,-0.025237,-0.0093219,0.99995,-0.0039826,0.025199,0.0042164,0.99967
0.99963,0.0086404,-0.025627,-0.0087854,0.99995,-0.0055542,0.025577,0.0057773,0.99966
0.99962,0.0088532,-0.025973,-0.0090087,0.99994,-0.0058758,0.025919,0.0061075,0.99965
0.99961,0.0086368,-0.026508,-0.0087723,0.99995,-0.0050011,0.026463,0.0052317,0.99964
0.99959,0.008601,-0.027271,-0.0086833,0.99996,-0.0028989,0.027245,0.0031346,0.99962
0.99957,0.008728,-0.027837,-0.0087473,0.99996,-0.00057112,0.027831,0.00081437,0.99961
0.99955,0.01022,-0.028301,-0.010224,0.99995,1.8276e-06,0.0283,0.00028752,0.9996
0.99953,0.010944,-0.028711,-0.011065,0.99993,-0.0040575,0.028664,0.0043733,0.99958
0.99951,0.012352,-0.028812,-0.012603,0.99988,-0.008564,0.028703,0.0089229,0.99955
0.99949,0.01312,-0.028978,-0.013389,0.99987,-0.0091102,0.028854,0.0094936,0.99954
0.9995,0.013243,-0.02875,-0.01343,0.99989,-0.0063481,0.028663,0.006731,0.99957
0.99949,0.014177,-0.028549,-0.014299,0.99989,-0.0040594,0.028489,0.0044656,0.99958
0.99952,0.012042,-0.028474,-0.012125,0.99992,-0.002759,0.028438,0.0031029,0.99959
0.99952,0.013007,-0.028136,-0.013081,0.99991,-0.0024394,0.028102,0.0028062,0.9996
0.99956,0.010821,-0.027721,-0.010972,0.99993,-0.0053155,0.027662,0.0056173,0.9996
0.99955,0.011942,-0.027644,-0.012163,0.9999,-0.0078216,0.027548,0.0081543,0.99959
0.99956,0.010978,-0.027564,-0.011252,0.99989,-0.0098176,0.027453,0.010123,0.99957
0.99957,0.0095823,-0.027544,-0.0099384,0.99987,-0.01282,0.027418,0.013088,0.99954
0.99959,0.0078895,-0.027413,-0.0083136,0.99985,-0.015394,0.027288,0.015616,0.99951
0.99961,0.0064829,-0.02725,-0.0068486,0.99989,-0.013346,0.02716,0.013527,0.99954
0.99962,0.0052728,-0.027209,-0.0054723,0.99996,-0.007263,0.02717,0.0074091,0.9996
0.99963,0.0041777,-0.02692,-0.0042111,0.99999,-0.0011833,0.026915,0.0012963,0.99964
0.99964,0.002509,-0.026778,-0.0025063,1,0.00013293,0.026778,-6.5764e-05,0.99964
0.99965,-0.00066227,-0.026548,0.00057994,1,-0.0031085,0.02655,0.0030921,0.99964
0.99965,-0.0025486,-0.02651,0.0023795,0.99998,-0.0064079,0.026526,0.0063425,0.99963
0.99965,-0.00057101,-0.026552,0.00030048,0.99995,-0.010192,0.026556,0.01018,0.9996
0.99965,-0.0013017,-0.026491,0.00090792,0.99989,-0.014873,0.026507,0.014844,0.99954
0.99966,0.0019954,-0.025943,-0.002403,0.99987,-0.015692,0.025909,0.015749,0.99954
0.99967,0.0068479,-0.024927,-0.0071477,0.9999,-0.011958,0.024842,0.012132,0.99962
0.99966,0.0083128,-0.024785,-0.0085496,0.99992,-0.0094637,0.024705,0.0096724,0.99965
0.99966,0.0075756,-0.024949,-0.007807,0.99993,-0.0091924,0.024878,0.0093841,0.99965
0.99967,0.006096,-0.024784,-0.0063028,0.99995,-0.0082745,0.024732,0.008428,0.99966
0.99967,0.0049703,-0.025071,-0.0051448,0.99996,-0.0069026,0.025036,0.0070294,0.99966
0.99967,0.0033947,-0.025369,-0.0035244,0.99998,-0.0050683,0.025351,0.0051561,0.99967
0.99966,0.0022206,-0.026075,-0.0023023,0.99999,-0.0031038,0.026068,0.0031628,0.99966
0.99964,0.0014791,-0.026666,-0.0015906,0.99999,-0.0041576,0.02666,0.0041986,0.99964
0.99963,0.0016073,-0.027186,-0.0018263,0.99997,-0.0080351,0.027173,0.0080818,0.9996
0.99961,0.0021338,-0.027839,-0.0024247,0.99994,-0.010418,0.027815,0.010481,0.99956
0.99959,0.0042331,-0.028349,-0.0044838,0.99995,-0.0087861,0.028311,0.0089096,0.99956
0.99957,0.0052786,-0.028921,-0.0054159,0.99997,-0.004669,0.028896,0.0048236,0.99957
0.99954,0.0068532,-0.029506,-0.006869,0.99998,-0.00043269,0.029503,0.00063517,0.99956
0.99952,0.0079949,-0.029902,-0.007978,0.99997,0.00068415,0.029906,-0.00044526,0.99955
0.99951,0.0077958,-0.030448,-0.0078489,0.99997,-0.0016257,0.030434,0.0018639,0.99954
0.99949,0.007555,-0.031084,-0.007642,0.99997,-0.0026816,0.031063,0.0029177,0.99951
0.99948,0.0072255,-0.031576,-0.0073065,0.99997,-0.0024493,0.031557,0.0026787,0.9995
0.99946,0.005956,-0.032292,-0.0060317,0.99998,-0.0022466,0.032278,0.0024401,0.99948
0.99945,0.004547,-0.032934,-0.0045724,0.99999,-0.00069585,0.032931,0.00084606,0.99946
0.99943,0.0047567,-0.033382,-0.0046956,0.99999,0.0019083,0.03339,-0.0017504,0.99944
0.9994,0.0040128,-0.034346,-0.0039028,0.99999,0.0032669,0.034359,-0.0031309,0.9994
0.99933,0.0029992,-0.036373,-0.0028807,0.99999,0.0033091,0.036383,-0.0032021,0.99933
0.99921,0.0021383,-0.039651,-0.0020311,0.99999,0.0027445,0.039656,-0.0026618,0.99921
0.99907,0.0021867,-0.043099,-0.0021078,1,0.0018754,0.043103,-0.0017828,0.99907
0.99893,0.0018328,-0.046197,-0.0017551,1,0.0017216,0.0462,-0.0016387,0.99893
0.99878,0.0029047,-0.049354,-0.0027452,0.99999,0.0032993,0.049363,-0.0031598,0.99878
0.99862,0.0039415,-0.052381,-0.0037244,0.99998,0.0042417,0.052397,-0.0040407,0.99862
0.99846,0.0049109,-0.055305,-0.0045957,0.99997,0.0058251,0.055332,-0.005562,0.99845
0.99829,0.0064275,-0.05802,-0.0060479,0.99996,0.0067164,0.058061,-0.006354,0.99829
0.99814,0.0085463,-0.060428,-0.0081172,0.99994,0.0073437,0.060487,-0.0068395,0.99815
0.99795,0.010453,-0.063131,-0.010068,0.99993,0.0064241,0.063194,-0.0057753,0.99798
0.99777,0.011842,-0.065714,-0.011668,0.99993,0.0030354,0.065745,-0.0022619,0.99783
0.99757,0.014144,-0.068196,-0.014233,0.9999,-0.00081746,0.068178,0.0017861,0.99767
0.99739,0.016163,-0.070408,-0.016449,0.99986,-0.003493,0.070341,0.0046421,0.99751
0.99729,0.017773,-0.071411,-0.018155,0.99982,-0.0046972,0.071315,0.0059809,0.99744
0.9973,0.020312,-0.070594,-0.020656,0.99978,-0.004148,0.070495,0.005595,0.9975
0.99741,0.024011,-0.067825,-0.024231,0.9997,-0.002434,0.067747,0.0040712,0.99769
0.99769,0.026857,-0.06246,-0.026959,0.99964,-0.00078803,0.062416,0.0024701,0.99805
0.99809,0.027695,-0.055284,-0.027683,0.99962,0.00098072,0.05529,0.00055159,0.99847
0.99857,0.027543,-0.045767,-0.027414,0.99962,0.0034436,0.045844,-0.002184,0.99895
0.99905,0.027116,-0.034116,-0.026967,0.99962,0.0048382,0.034235,-0.0039136,0.99941
0.99944,0.02635,-0.020796,-0.026252,0.99964,0.0049527,0.020919,-0.004404,0.99977
0.99964,0.026064,-0.0058568,-0.026039,0.99965,0.0042387,0.0059652,-0.0040847,0.99997
0.99963,0.024657,0.011876,-0.024675,0.99969,0.0014149,-0.011838,-0.0017074,0.99993
0.99918,0.023972,0.032762,-0.023883,0.99971,-0.0031119,-0.032827,0.0023269,0.99946
0.99815,0.021875,0.056788,-0.021453,0.99974,-0.0080295,-0.056949,0.0067964,0.99835
0.99629,0.019535,0.083801,-0.018695,0.99977,-0.010792,-0.083993,0.0091853,0.99642
0.99341,0.016853,0.11341,-0.015586,0.99981,-0.012053,-0.11359,0.010206,0.99348
0.98925,0.014378,0.14554,-0.012521,0.99983,-0.013671,-0.14571,0.011702,0.98926
0.98344,0.011693,0.18085,-0.009043,0.99984,-0.015472,-0.181,0.01358,0.98339
0.97568,0.0082249,0.21904,-0.0048605,0.99986,-0.015894,-0.21914,0.014443,0.97559
0.9659,0.0056395,0.25884,-0.0013929,0.99986,-0.016587,-0.2589,0.015661,0.96578
0.95388,0.0059892,0.30014,-0.00075295,0.99985,-0.017558,-0.3002,0.016523,0.95373
0.93891,0.0080829,0.34407,-0.0020304,0.99984,-0.017948,-0.34416,0.016153,0.93877
0.92136,0.0078417,0.38862,-0.0013443,0.99985,-0.016988,-0.3887,0.01513,0.92124
0.90151,0.0069076,0.4327,-0.00012797,0.99988,-0.015695,-0.43275,0.014094,0.9014
0.87878,0.0053969,0.4772,0.0024685,0.99987,-0.015854,-0.47723,0.01511,0.87865
0.85399,0.0054866,0.52027,0.0043123,0.99984,-0.017622,-0.52028,0.017293,0.85382
0.82686,0.0070767,0.56236,0.0053722,0.99978,-0.02048,-0.56238,0.019955,0.82664
0.79671,0.011467,0.60425,0.0042287,0.99969,-0.024548,-0.60434,0.022113,0.79642
0.76343,0.017211,0.64566,0.0015336,0.99959,-0.028459,-0.64589,0.022716,0.76309
0.72666,0.022005,0.68664,-0.001,0.99952,-0.030974,-0.68699,0.021821,0.72634
0.68765,0.022431,0.72569,0.00078421,0.9995,-0.031638,-0.72604,0.022325,0.68729
0.64723,0.019579,0.76204,0.0054537,0.99953,-0.030313,-0.76228,0.023775,0.64681
0.6035,0.017317,0.79717,0.0067072,0.99962,-0.026792,-0.79733,0.021516,0.60315
0.55748,0.015584,0.83004,0.0078478,0.99968,-0.02404,-0.83015,0.019916,0.55718
0.51002,0.013188,0.86006,0.0094038,0.99974,-0.020906,-0.86011,0.01875,0.50976
0.45968,0.0085421,0.88804,0.012264,0.9998,-0.015965,-0.888,0.01823,0.45948
0.40821,0.0082343,0.91285,0.0098911,0.99986,-0.013442,-0.91284,0.014516,0.40807
0.35724,0.012407,0.93393,0.0062749,0.99986,-0.015684,-0.93399,0.011463,0.35711
0.30672,0.017873,0.95163,0.0057472,0.99977,-0.02063,-0.95178,0.011797,0.30655
0.25982,0.020062,0.96545,0.0070487,0.99972,-0.022671,-0.96563,0.012696,0.25961
0.21791,0.019611,0.97577,0.013572,0.99964,-0.023121,-0.97587,0.018281,0.21756
0.18228,0.019182,0.98306,0.021772,0.99949,-0.02354,-0.98301,0.025694,0.18177
0.15139,0.020924,0.98825,0.027057,0.99931,-0.025303,-0.9881,0.03057,0.15072
0.1229,0.019319,0.99223,0.025451,0.99942,-0.022611,-0.99209,0.028032,0.12234
0.096964,0.015609,0.99517,0.018806,0.99967,-0.017512,-0.99511,0.020413,0.096638
0.072619,0.012144,0.99729,0.01372,0.99982,-0.013174,-0.99727,0.01464,0.07244
0.049619,0.0089909,0.99873,0.017134,0.9998,-0.0098519,-0.99862,0.017601,0.049456
0.029138,0.0091317,0.99953,0.024613,0.99965,-0.0098503,-0.99927,0.024888,0.028903
0.010955,0.011222,0.99988,0.029945,0.99948,-0.011545,-0.99949,0.030068,0.010614
-0.0035532,0.016909,0.99985,0.03158,0.99936,-0.016789,-0.99949,0.031516,-0.004085
-0.01523,0.021919,0.99964,0.028595,0.99936,-0.021477,-0.99948,0.028258,-0.015847
-0.021981,0.022581,0.9995,0.030812,0.99929,-0.021899,-0.99928,0.030316,-0.022661
-0.024915,0.018451,0.99952,0.036553,0.99918,-0.017534,-0.99902,0.036099,-0.025569
-0.024788,0.017397,0.99954,0.039206,0.9991,-0.016417,-0.99892,0.038781,-0.025448
-0.023129,0.016521,0.9996,0.038622,0.99913,-0.01562,-0.99899,0.038245,-0.023747
-0.021748,0.016394,0.99963,0.034153,0.99929,-0.015646,-0.99918,0.0338,-0.022293
-0.020668,0.018291,0.99962,0.033751,0.99928,-0.017586,-0.99922,0.033374,-0.02127
-0.019937,0.018837,0.99962,0.033193,0.99928,-0.018168,-0.99925,0.032819,-0.020548
-0.019408,0.01845,0.99964,0.033008,0.9993,-0.017803,-0.99927,0.032651,-0.020003
-0.018754,0.017037,0.99968,0.031611,0.99937,-0.016438,-0.99932,0.031293,-0.019281
-0.01821,0.015705,0.99971,0.032463,0.99936,-0.015108,-0.99931,0.032178,-0.018708
-0.018806,0.013519,0.99973,0.033323,0.99936,-0.012888,-0.99927,0.033072,-0.019245
-0.020161,0.011961,0.99973,0.031207,0.99945,-0.011329,-0.99931,0.03097,-0.020523
-0.021803,0.010951,0.9997,0.02961,0.99951,-0.010303,-0.99932,0.029377,-0.022116
-0.02323,0.0083667,0.9997,0.031873,0.99946,-0.0076241,-0.99922,0.031686,-0.023484
-0.024479,0.0072939,0.99967,0.034738,0.99938,-0.0064411,-0.9991,0.034569,-0.024718
-0.026542,0.0050006,0.99964,0.030349,0.99953,-0.0041943,-0.99919,0.030227,-0.026681
-0.027424,0.0099393,0.99957,0.027774,0.99957,-0.0091773,-0.99924,0.027511,-0.027688
-0.028047,0.015094,0.99949,0.029248,0.99947,-0.014273,-0.99918,0.028833,-0.028474
-0.028775,0.016938,0.99944,0.02998,0.99942,-0.016075,-0.99914,0.029501,-0.029267
-0.029841,0.014844,0.99944,0.026432,0.99955,-0.014056,-0.99921,0.025998,-0.03022
-0.030614,0.010713,0.99947,0.0233,0.99968,-0.010002,-0.99926,0.022981,-0.030854
-0.030565,0.0049289,0.99952,0.021585,0.99976,-0.00427,-0.9993,0.021444,-0.030664
-0.030491,-0.00053502,0.99953,0.018374,0.99983,0.0010957,-0.99937,0.018399,-0.030476
-0.030378,-0.0018709,0.99954,0.015301,0.99988,0.0023366,-0.99942,0.015365,-0.030346
-0.029405,0.0033845,0.99956,0.017708,0.99984,-0.0028645,-0.99941,0.017616,-0.02946
-0.028237,0.01517,0.99949,0.020339,0.99969,-0.014598,-0.99939,0.019916,-0.028537
-0.02765,0.022038,0.99937,0.022606,0.99952,-0.021415,-0.99936,0.022,-0.028135
-0.026361,0.016155,0.99952,0.023802,0.9996,-0.015528,-0.99937,0.023381,-0.026735
-0.025116,0.0078429,0.99965,0.026442,0.99962,-0.0071784,-0.99933,0.026252,-0.025314
-0.024521,0.0050484,0.99969,0.028126,0.99959,-0.0043581,-0.9993,0.02801,-0.024654
-0.024484,0.0056256,0.99968,0.027254,0.99962,-0.0049577,-0.99933,0.027124,-0.024628
-0.025209,0.0064383,0.99966,0.024285,0.99969,-0.0058261,-0.99939,0.02413,-0.025357
-0.027111,0.0068317,0.99961,0.022355,0.99973,-0.0062262,-0.99938,0.022178,-0.027257
-0.029071,0.0062726,0.99956,0.021649,0.99975,-0.0056442,-0.99934,0.021476,-0.0292
-0.031182,0.0070539,0.99949,0.020945,0.99976,-0.0064023,-0.99929,0.020735,-0.031323
-0.033231,0.0072812,0.99942,0.019092,0.9998,-0.0066491,-0.99927,0.01886,-0.033364
-0.035288,0.0065484,0.99936,0.017021,0.99984,-0.0059506,-0.99923,0.0168,-0.035393
-0.037328,0.0049895,0.99929,0.017476,0.99984,-0.0043394,-0.99915,0.017301,-0.037409
-0.039317,0.0047423,0.99922,0.017205,0.99984,-0.0040683,-0.99908,0.017032,-0.039392
-0.041142,0.0059139,0.99914,0.016954,0.99984,-0.00522,-0.99901,0.016725,-0.041235
-0.042133,0.0067801,0.99909,0.017529,0.99983,-0.0060458,-0.99896,0.017259,-0.042245
-0.043351,0.0054626,0.99904,0.019534,0.9998,-0.0046191,-0.99887,0.019315,-0.043449
-0.04475,0.0045432,0.99899,0.01967,0.9998,-0.0036658,-0.9988,0.019486,-0.04483
-0.046131,0.0037925,0.99893,0.018654,0.99982,-0.0029344,-0.99876,0.018499,-0.046193
-0.047527,0.002698,0.99887,0.016826,0.99986,-0.0019,-0.99873,0.016717,-0.047566
-0.048442,0.0018591,0.99882,0.015639,0.99988,-0.0011026,-0.9987,0.015568,-0.048465
-0.0493,0.0011211,0.99878,0.015753,0.99988,-0.00034478,-0.99866,0.015717,-0.049312
-0.049633,0.0034395,0.99876,0.01595,0.99987,-0.0026507,-0.99864,0.015799,-0.049681
-0.049717,0.0065375,0.99874,0.016242,0.99985,-0.0057363,-0.99863,0.015937,-0.049815
-0.049911,0.0081043,0.99872,0.014358,0.99987,-0.0073961,-0.99865,0.013971,-0.050021
-0.05013,0.008979,0.9987,0.014656,0.99986,-0.0082537,-0.99864,0.014224,-0.050255
-0.0502,0.0088633,0.9987,0.015836,0.99984,-0.0080774,-0.99861,0.01541,-0.050332
-0.05048,0.0079146,0.99869,0.016851,0.99983,-0.0070718,-0.99858,0.016472,-0.050605
-0.050875,0.0085079,0.99867,0.013115,0.99988,-0.0078501,-0.99862,0.012698,-0.05098
-0.050833,0.0082018,0.99867,0.010217,0.99992,-0.007692,-0.99865,0.0098123,-0.050913
-0.050697,0.0067895,0.99869,0.012087,0.99991,-0.0061842,-0.99864,0.011758,-0.050774
-0.051598,0.0064046,0.99865,0.012761,0.9999,-0.0057533,-0.99859,0.012447,-0.051675
-0.05488,0.0058916,0.99848,0.0098892,0.99994,-0.0053567,-0.99844,0.0095802,-0.054935
-0.06012,0.0054563,0.99818,0.0057562,0.99997,-0.0051195,-0.99817,0.0054379,-0.06015
-0.065944,0.00872,0.99779,0.0087742,0.99993,-0.0081588,-0.99778,0.0082167,-0.066015
-0.07232,0.012096,0.99731,0.011542,0.99987,-0.01129,-0.99731,0.010694,-0.07245
-0.079766,0.013678,0.99672,0.010696,0.99986,-0.012865,-0.99676,0.009635,-0.079901
-0.086101,0.012893,0.9962,0.0072123,0.9999,-0.012317,-0.99626,0.0061243,-0.086185
-0.091519,0.011841,0.99573,0.0058572,0.99992,-0.011352,-0.99579,0.0047933,-0.091581
-0.096017,0.012279,0.9953,0.0042432,0.99992,-0.011926,-0.99537,0.0030782,-0.096061
-0.099999,0.011439,0.99492,0.0017298,0.99993,-0.011323,-0.99499,0.00058879,-0.10001
-0.1028,0.0089493,0.99466,0.0021932,0.99996,-0.0087703,-0.9947,0.0012799,-0.10281
-0.10453,0.0055795,0.99451,0.0039601,0.99998,-0.005194,-0.99451,0.0033954,-0.10455
-0.10634,0.0013417,0.99433,0.002969,1,-0.0010318,-0.99432,0.0028424,-0.10635
-0.10785,0.001981,0.99417,0.002648,1,-0.0017054,-0.99416,0.0024486,-0.10785
-0.10858,0.0050649,0.99408,0.0040618,0.99998,-0.0046514,-0.99408,0.0035327,-0.10859
-0.10876,0.0093162,0.99402,0.0096399,0.99992,-0.0083167,-0.99402,0.0086778,-0.10884
-0.10933,0.013539,0.99391,0.017246,0.99978,-0.011722,-0.99386,0.01586,-0.10954
-0.11004,0.01596,0.9938,0.018756,0.99973,-0.013978,-0.99375,0.017102,-0.11031
-0.11063,0.01354,0.99377,0.016628,0.99979,-0.011771,-0.99372,0.015222,-0.11083
-0.11045,0.0077195,0.99385,0.015728,0.99986,-0.0060183,-0.99376,0.014967,-0.11055
-0.11055,0.0063445,0.99385,0.018484,0.99982,-0.0043266,-0.9937,0.017892,-0.11065
-0.11155,0.0057717,0.99374,0.018744,0.99982,-0.003703,-0.99358,0.018214,-0.11163
-0.11331,0.0063598,0.99354,0.017314,0.99984,-0.0044255,-0.99341,0.016701,-0.11341
-0.1156,0.0074924,0.99327,0.01688,0.99984,-0.0055774,-0.99315,0.016122,-0.11571
-0.11777,0.0072548,0.99301,0.017586,0.99983,-0.005219,-0.99289,0.016848,-0.11787
-0.11959,0.0074084,0.9928,0.018375,0.99982,-0.0052474,-0.99265,0.017616,-0.1197
-0.12167,0.0071332,0.99254,0.017975,0.99983,-0.004982,-0.99241,0.017235,-0.12178
-0.12341,0.0073769,0.99233,0.015593,0.99986,-0.0054938,-0.99223,0.014795,-0.12351
-0.12464,0.0087358,0.99216,0.015952,0.99985,-0.0067995,-0.99207,0.014979,-0.12477
-0.12538,0.0087699,0.99207,0.014359,0.99987,-0.0070241,-0.992,0.013364,-0.12549
-0.12679,0.0093286,0.99189,0.014354,0.99987,-0.0075687,-0.99183,0.013278,-0.12691
-0.12781,0.0077244,0.99177,0.014765,0.99987,-0.0058847,-0.99169,0.013892,-0.12791
-0.12894,0.0056712,0.99164,0.012608,0.99991,-0.0040792,-0.99157,0.011976,-0.129
-0.13064,0.003494,0.99142,0.0095067,0.99995,-0.0022713,-0.99138,0.0091284,-0.13067
-0.13266,0.0026814,0.99116,0.010267,0.99995,-0.001331,-0.99111,0.0099992,-0.13268
-0.13447,0.003148,0.99091,0.011596,0.99993,-0.001603,-0.99085,0.011275,-0.1345
-0.13669,0.0040862,0.99061,0.01101,0.99994,-0.0026055,-0.99055,0.01055,-0.13673
-0.13836,0.0077566,0.99035,0.011803,0.99991,-0.0061824,-0.99031,0.010834,-0.13844
-0.13859,0.011986,0.99028,0.014317,0.99985,-0.010098,-0.99025,0.012778,-0.13874
-0.13976,0.015725,0.99006,0.015675,0.99978,-0.013667,-0.99006,0.01361,-0.13997
-0.1395,0.016639,0.99008,0.01722,0.99975,-0.014376,-0.99007,0.015044,-0.13975
-0.13902,0.016336,0.99016,0.021334,0.99968,-0.013498,-0.99006,0.019247,-0.13932
-0.1388,0.014471,0.99021,0.021652,0.9997,-0.011575,-0.99008,0.019833,-0.13908
-0.13813,0.013012,0.99033,0.021223,0.99972,-0.010176,-0.99019,0.019612,-0.13836
-0.1364,0.010768,0.9906,0.019931,0.99977,-0.0081235,-0.99045,0.018636,-0.13658
-0.1347,0.0073309,0.99086,0.020693,0.99978,-0.0045837,-0.99067,0.019886,-0.13482
-0.13292,0.0039627,0.99112,0.021098,0.99978,-0.0011679,-0.9909,0.020755,-0.13297
-0.13119,0.0031944,0.99135,0.019488,0.99981,-0.00064286,-0.99117,0.019235,-0.13122
-0.12979,0.0070402,0.99152,0.0204,0.99978,-0.0044284,-0.99133,0.019652,-0.12991
-0.12768,0.013376,0.99172,0.020721,0.99973,-0.010816,-0.9916,0.019168,-0.12793
-0.12611,0.016936,0.99187,0.019463,0.9997,-0.014595,-0.99183,0.017464,-0.1264
-0.12437,0.014914,0.99212,0.0176,0.99976,-0.012822,-0.99208,0.015867,-0.12461
-0.1235,0.011967,0.99227,0.017933,0.99979,-0.0098256,-0.99218,0.016581,-0.12368
-0.12286,0.010315,0.99237,0.018665,0.99979,-0.0080817,-0.99225,0.01753,-0.12303
-0.12215,0.010388,0.99246,0.018738,0.99979,-0.0081584,-0.99234,0.017601,-0.12232
-0.12173,0.0098819,0.99251,0.017541,0.99982,-0.0078033,-0.99241,0.01646,-0.12188
-0.12095,0.0088985,0.99262,0.020172,0.99978,-0.0065047,-0.99245,0.019237,-0.1211
-0.11984,0.007272,0.99277,0.022342,0.99974,-0.004626,-0.99254,0.021626,-0.11998
-0.11904,0.008849,0.99285,0.025163,0.99967,-0.005893,-0.99257,0.024281,-0.11922
-0.1183,0.011415,0.99291,0.025794,0.99963,-0.0084192,-0.99264,0.024615,-0.11855
-0.11746,0.012382,0.993,0.022924,0.99969,-0.0097533,-0.99281,0.021618,-0.11771
-0.11718,0.009007,0.99307,0.018209,0.99981,-0.0069195,-0.99294,0.017272,-0.11732
-0.11722,0.0056904,0.99309,0.013057,0.99991,-0.0041883,-0.99302,0.012476,-0.11728
-0.11837,0.0060413,0.99295,0.0097205,0.99994,-0.0049251,-0.99292,0.009069,-0.11842
-0.11973,0.010684,0.99275,0.0064465,0.99993,-0.0099835,-0.99279,0.0052044,-0.11979
-0.12048,0.01352,0.99262,0.0054675,0.9999,-0.012956,-0.9927,0.0038662,-0.12054
-0.12097,0.013929,0.99256,0.0063735,0.99989,-0.013255,-0.99264,0.0047226,-0.12105
-0.12142,0.012988,0.99252,0.0075344,0.9999,-0.012163,-0.99257,0.0060012,-0.1215
-0.122,0.013592,0.99244,0.0086172,0.99988,-0.012635,-0.99249,0.0070106,-0.1221
-0.1225,0.01646,0.99233,0.0099493,0.99983,-0.015356,-0.99242,0.0079919,-0.12264
-0.12312,0.018191,0.99222,0.0096619,0.99981,-0.017132,-0.99234,0.0074775,-0.12327
-0.1243,0.018236,0.99208,0.0079727,0.99982,-0.017379,-0.99221,0.0057493,-0.12442
-0.12646,0.017494,0.99182,0.0062221,0.99984,-0.016842,-0.99195,0.0040413,-0.12654
-0.12961,0.017743,0.99141,0.0057531,0.99984,-0.017141,-0.99155,0.003482,-0.12969
-0.13273,0.020763,0.99093,0.0054711,0.99978,-0.020216,-0.99114,0.0027382,-0.13281
-0.13623,0.022248,0.99043,0.0043218,0.99975,-0.021863,-0.99067,0.0013021,-0.13629
-0.13938,0.022115,0.98999,0.0040172,0.99975,-0.021768,-0.99023,0.00094295,-0.13944
-0.14227,0.020442,0.98962,0.0052164,0.99979,-0.019902,-0.98981,0.0023306,-0.14235
-0.14481,0.021285,0.98923,0.0070131,0.99977,-0.020485,-0.98943,0.0039711,-0.14492
-0.14691,0.025694,0.98882,0.0025536,0.99967,-0.025597,-0.98915,-0.0012355,-0.14693
-0.14881,0.031764,0.98836,-0.00040004,0.99948,-0.032181,-0.98887,-0.0051841,-0.14872
-0.15135,0.036162,0.98782,0.0037807,0.99934,-0.036005,-0.98847,-0.0017147,-0.15139
-0.154,0.034248,0.98748,0.0060696,0.99941,-0.033715,-0.98805,0.00080146,-0.15412
-0.15753,0.026123,0.98717,0.0046817,0.99966,-0.025706,-0.9875,0.00057206,-0.1576
-0.1598,0.023297,0.98688,0.0030794,0.99973,-0.023102,-0.98715,-0.00065254,-0.15982
-0.16136,0.027135,0.98652,0.0031278,0.99963,-0.026983,-0.98689,-0.0012684,-0.16138
-0.164,0.030015,0.986,0.00049117,0.99954,-0.030345,-0.98646,-0.0044923,-0.16394
-0.16659,0.032603,0.98549,-0.00038158,0.99945,-0.03313,-0.98603,-0.0058951,-0.16648
-0.16855,0.036191,0.98503,0.0030867,0.99934,-0.036188,-0.98569,-0.0030592,-0.16855
-0.17036,0.040838,0.98454,0.003882,0.99916,-0.040773,-0.98537,-0.003124,-0.17038
-0.17345,0.043687,0.98387,0.0030649,0.99903,-0.04382,-0.98484,-0.004585,-0.17342
-0.17563,0.041096,0.9836,0.0034013,0.99915,-0.041138,-0.98445,-0.0038798,-0.17562
-0.17951,0.037306,0.98305,0.007378,0.9993,-0.036576,-0.98373,0.0006873,-0.17966
-0.18493,0.035861,0.9821,0.010001,0.99935,-0.034608,-0.9827,0.0034217,-0.18517
-0.1911,0.034729,0.98096,0.0089037,0.99939,-0.033647,-0.98153,0.0023041,-0.1913
-0.19936,0.034417,0.97932,0.0076234,0.99941,-0.033571,-0.9799,0.00077284,-0.19951
-0.20974,0.034904,0.97713,0.0067313,0.99939,-0.034254,-0.97773,-0.00060725,-0.20985
-0.22152,0.036056,0.97449,0.0073928,0.99935,-0.035295,-0.97513,-0.0006146,-0.22165
-0.23383,0.036463,0.97159,0.0080661,0.99933,-0.035563,-0.97224,-0.00047889,-0.23397
-0.24555,0.036807,0.96868,0.010953,0.99932,-0.035195,-0.96932,0.0019675,-0.24579
-0.25661,0.036794,0.96581,0.014138,0.99931,-0.034313,-0.96641,0.0048491,-0.25696
-0.2668,0.036813,0.96305,0.018162,0.99928,-0.033166,-0.96358,0.0086425,-0.26728
-0.27563,0.037655,0.96053,0.023816,0.99919,-0.032337,-0.96097,0.013963,-0.27631
-0.28323,0.037706,0.95831,0.029163,0.9991,-0.030692,-0.95861,0.019254,-0.28408
-0.28979,0.037615,0.95635,0.029494,0.9991,-0.030359,-0.95663,0.019409,-0.29064
-0.29449,0.036189,0.95497,0.032892,0.99907,-0.027717,-0.95509,0.023249,-0.2954
-0.29663,0.03359,0.9544,0.03924,0.99897,-0.022963,-0.95419,0.030639,-0.29764
-0.29752,0.032719,0.95415,0.045906,0.99875,-0.019933,-0.95361,0.037871,-0.29865
-0.29859,0.029944,0.95391,0.047209,0.99875,-0.016575,-0.95321,0.040084,-0.29963
-0.29834,0.03543,0.9538,0.050609,0.99849,-0.02126,-0.95312,0.041929,-0.29968
-0.29683,0.03905,0.95413,0.050587,0.9984,-0.025124,-0.95359,0.040809,-0.29834
-0.29613,0.039457,0.95433,0.052512,0.99831,-0.02498,-0.9537,0.042717,-0.2977
-0.2943,0.038057,0.95495,0.05416,0.99827,-0.023092,-0.95418,0.044924,-0.29585
-0.29236,0.034489,0.95569,0.055608,0.99827,-0.019014,-0.95469,0.047585,-0.29378
-0.2908,0.035236,0.95613,0.056999,0.99818,-0.019449,-0.95508,0.048843,-0.29228
-0.28844,0.037954,0.95675,0.058035,0.99807,-0.022097,-0.95574,0.049151,-0.29008
-0.28419,0.03956,0.95795,0.059611,0.99794,-0.023527,-0.95691,0.050418,-0.28596
-0.27887,0.038914,0.95954,0.061146,0.99787,-0.022697,-0.95838,0.052342,-0.28066
-0.27326,0.036962,0.96123,0.06247,0.99783,-0.020611,-0.95991,0.054416,-0.27497
-0.26847,0.034989,0.96265,0.062442,0.99787,-0.018854,-0.96126,0.055048,-0.27008
-0.26437,0.03405,0.96382,0.062348,0.99789,-0.018153,-0.9624,0.055293,-0.26593
-0.26043,0.032752,0.96494,0.063308,0.99785,-0.016783,-0.96341,0.056717,-0.26195
-0.25654,0.030898,0.96604,0.065961,0.99772,-0.014395,-0.96428,0.060028,-0.25799
-0.25243,0.030075,0.96715,0.069255,0.99752,-0.012943,-0.96513,0.063712,-0.25388
-0.24912,0.028043,0.96807,0.067368,0.99766,-0.011564,-0.96613,0.062336,-0.25043
-0.24554,0.028578,0.96897,0.064369,0.99784,-0.013119,-0.96725,0.05915,-0.24685
-0.24086,0.031925,0.97003,0.065196,0.99773,-0.016648,-0.96837,0.059232,-0.2424
-0.23514,0.035589,0.97131,0.067564,0.99751,-0.020193,-0.96961,0.060877,-0.23696
-0.22859,0.036606,0.97283,0.066854,0.99752,-0.021826,-0.97122,0.060048,-0.23048
-0.22022,0.034753,0.97483,0.063484,0.99776,-0.021229,-0.97338,0.057212,-0.22194
-0.20973,0.032836,0.97721,0.06249,0.99784,-0.020118,-0.97576,0.056847,-0.21132
-0.19717,0.031706,0.97986,0.063745,0.99778,-0.019459,-0.9783,0.058625,-0.19875
-0.18398,0.03009,0.98247,0.063538,0.9978,-0.018661,-0.98087,0.058991,-0.18549
-0.16861,0.029472,0.98524,0.062818,0.99784,-0.019099,-0.98368,0.05867,-0.1701
-0.15022,0.028483,0.98824,0.061988,0.99789,-0.019338,-0.98671,0.058354,-0.15167
-0.12924,0.02756,0.99123,0.061321,0.99792,-0.019751,-0.98972,0.058231,-0.13066
-0.10699,0.027345,0.99388,0.058166,0.99808,-0.021199,-0.99256,0.055542,-0.10837
-0.084956,0.028138,0.99599,0.05238,0.99835,-0.023737,-0.99501,0.050153,-0.086289
-0.06359,0.029256,0.99755,0.046499,0.99857,-0.026322,-0.99689,0.044711,-0.06486
-0.044055,0.03008,0.99858,0.040185,0.99879,-0.028313,-0.99822,0.038881,-0.045211
-0.028291,0.02965,0.99916,0.033281,0.99903,-0.028703,-0.99905,0.032441,-0.02925
-0.018392,0.027826,0.99944,0.024756,0.99932,-0.027367,-0.99952,0.024239,-0.019068
-0.01509,0.02534,0.99956,0.016629,0.99955,-0.025089,-0.99975,0.016243,-0.015504
-0.021094,0.021899,0.99954,0.009132,0.99972,-0.02171,-0.99974,0.0086698,-0.021288
-0.0334,0.018701,0.99927,0.0061103,0.99981,-0.018507,-0.99942,0.0054877,-0.033507
-0.046799,0.016378,0.99877,0.0055774,0.99985,-0.016134,-0.99889,0.0048155,-0.046884
-0.059469,0.015191,0.99811,0.0081935,0.99986,-0.01473,-0.9982,0.0073021,-0.059585
-0.07152,0.01443,0.99733,0.0096217,0.99986,-0.013777,-0.99739,0.0086107,-0.071649
-0.085377,0.013862,0.99625,0.0069516,0.99989,-0.013317,-0.99632,0.0057886,-0.085464
-0.10167,0.012352,0.99474,0.0022861,0.99992,-0.012183,-0.99482,0.0010355,-0.10169
-0.1188,0.011652,0.99285,0.0027501,0.99993,-0.011406,-0.99291,0.0013754,-0.11883
-0.13425,0.011003,0.99089,0.0050772,0.99993,-0.010416,-0.99093,0.0036326,-0.1343
-0.14864,0.0091845,0.98885,0.006745,0.99994,-0.0082737,-0.98887,0.00544,-0.14869
-0.16293,0.0075705,0.98661,0.006762,0.99996,-0.0065562,-0.98661,0.0056032,-0.16298
-0.17646,0.0066837,0.98428,0.0049675,0.99997,-0.0058996,-0.9843,0.0038484,-0.17649
-0.189,0.0063608,0.98196,0.0051372,0.99997,-0.0054887,-0.98196,0.0040072,-0.18903
-0.19982,0.006698,0.97981,0.0086165,0.99995,-0.0050784,-0.97979,0.0074277,-0.19987
-0.20992,0.010216,0.97767,0.013528,0.99988,-0.0075439,-0.97763,0.011642,-0.21003
-0.2174,0.011301,0.97602,0.013945,0.99987,-0.0084706,-0.97598,0.011769,-0.21753
-0.22236,0.011136,0.9749,0.015406,0.99985,-0.0079075,-0.97484,0.013261,-0.2225
-0.2256,0.0098685,0.97417,0.014478,0.99987,-0.006776,-0.97411,0.012576,-0.22571
-0.22799,0.0090863,0.97362,0.015158,0.99987,-0.0057818,-0.97354,0.01344,-0.2281
-0.22826,0.0079169,0.97357,0.017075,0.99985,-0.0041272,-0.97345,0.015682,-0.22836
-0.22936,0.0091138,0.9733,0.019123,0.99981,-0.0048558,-0.97315,0.017498,-0.22949
-0.23258,0.0085536,0.97254,0.01689,0.99985,-0.0047546,-0.97243,0.015321,-0.23269
-0.23505,0.012029,0.97191,0.017131,0.99982,-0.0082314,-0.97183,0.014715,-0.23521
-0.23888,0.013771,0.97095,0.016852,0.99981,-0.010034,-0.9709,0.013966,-0.23907
-0.24439,0.012945,0.96959,0.015727,0.99983,-0.0093842,-0.96955,0.012955,-0.24455
-0.24976,0.01147,0.96824,0.014813,0.99986,-0.0080239,-0.9682,0.012338,-0.24989
-0.2553,0.012225,0.96678,0.017593,0.99981,-0.0079972,-0.9667,0.014967,-0.25547
-0.26071,0.012928,0.96533,0.01988,0.99977,-0.0080201,-0.96521,0.0171,-0.2609
-0.26653,0.014311,0.96372,0.019615,0.99976,-0.0094212,-0.96363,0.016392,-0.26674
-0.2722,0.015909,0.96211,0.018695,0.99976,-0.011243,-0.96206,0.014926,-0.27243
-0.27751,0.017436,0.96056,0.020292,0.99972,-0.012284,-0.96051,0.016083,-0.27779
-0.28273,0.018161,0.95903,0.024439,0.99963,-0.011725,-0.95889,0.020123,-0.28307
-0.28734,0.019193,0.95764,0.028294,0.99953,-0.011543,-0.95741,0.023779,-0.28775
-0.29138,0.018091,0.95644,0.0264,0.99959,-0.010865,-0.95624,0.022084,-0.29174
-0.29537,0.016069,0.95525,0.026785,0.9996,-0.008533,-0.95501,0.023066,-0.29568
-0.2982,0.012371,0.95442,0.026893,0.99963,-0.0045547,-0.95413,0.024309,-0.29842
-0.30089,0.010854,0.9536,0.030755,0.99953,-0.001672,-0.95316,0.028825,-0.30109
-0.30271,0.0095246,0.95304,0.033594,0.99944,0.00068201,-0.95249,0.032223,-0.30286
-0.3042,0.0080548,0.95258,0.031821,0.99949,0.0017103,-0.95208,0.030832,-0.3043
-0.30441,0.0093509,0.95249,0.032553,0.99947,0.00059174,-0.95198,0.031187,-0.30456
-0.30371,0.011325,0.9527,0.033205,0.99945,-0.0012953,-0.95219,0.031241,-0.30391
-0.30279,0.011611,0.95299,0.034936,0.99939,-0.0010757,-0.95242,0.032968,-0.30301
-0.30064,0.012101,0.95366,0.034307,0.99941,-0.0018666,-0.95312,0.032156,-0.30088
-0.29828,0.011513,0.95441,0.034099,0.99942,-0.0013993,-0.95387,0.032127,-0.2985
-0.29553,0.011696,0.95526,0.03483,0.99939,-0.0014614,-0.9547,0.03284,-0.29575
-0.29289,0.013717,0.95605,0.036552,0.99933,-0.0031403,-0.95545,0.034025,-0.29319
-0.28942,0.015999,0.95707,0.037069,0.9993,-0.005495,-0.95648,0.033887,-0.28981
-0.28566,0.016514,0.95819,0.037292,0.99929,-0.0061049,-0.95761,0.033989,-0.28607
-0.282,0.016521,0.95927,0.037603,0.99927,-0.006156,-0.95868,0.034335,-0.28242
-0.27793,0.015265,0.96048,0.03684,0.99931,-0.0052217,-0.95989,0.033933,-0.2783
-0.27335,0.012481,0.96183,0.037036,0.99931,-0.0024419,-0.9612,0.034955,-0.27362
-0.26783,0.0083594,0.96343,0.038664,0.99925,0.0020783,-0.96269,0.037807,-0.26795
-0.26098,0.0051142,0.96533,0.040132,0.99918,0.0055565,-0.96451,0.040191,-0.26097
-0.25236,0.0033819,0.96763,0.040324,0.99916,0.0070245,-0.96679,0.040791,-0.25229
-0.24143,0.0022851,0.97041,0.039752,0.99918,0.0075373,-0.9696,0.040396,-0.24133
-0.22816,0.0026148,0.97362,0.038912,0.99922,0.006435,-0.97285,0.039353,-0.22808
-0.21257,0.0037649,0.97714,0.037357,0.99929,0.0042764,-0.97643,0.037412,-0.21256
-0.19393,0.0074556,0.98099,0.03767,0.99929,-0.00014765,-0.98029,0.036925,-0.19408
-0.17174,0.010972,0.98508,0.039016,0.99923,-0.0043274,-0.98437,0.037691,-0.17203
-0.14623,0.011176,0.98919,0.039009,0.99922,-0.0055228,-0.98848,0.037779,-0.14656
-0.11811,0.0086047,0.99296,0.035719,0.99935,-0.0044113,-0.99236,0.034946,-0.11834
-0.087894,0.0062905,0.99611,0.031273,0.9995,-0.0035525,-0.99564,0.030839,-0.088047
-0.056164,0.0050163,0.99841,0.026351,0.99965,-0.0035402,-0.99807,0.02611,-0.056277
-0.024938,0.0028069,0.99969,0.020988,0.99978,-0.0022836,-0.99947,0.020924,-0.024992
0.0057213,-0.0011504,0.99998,0.016625,0.99986,0.0010552,-0.99985,0.016619,0.0057396
0.037,-0.0051976,0.9993,0.01381,0.99989,0.0046893,-0.99922,0.013627,0.037068
0.06862,-0.0085163,0.99761,0.014403,0.99987,0.0075449,-0.99754,0.013851,0.068733
0.10115,-0.010285,0.99482,0.013564,0.99987,0.0089584,-0.99478,0.012587,0.10128
0.13512,-0.010984,0.99077,0.013197,0.99987,0.0092855,-0.99074,0.01182,0.13525
0.17044,-0.010053,0.98532,0.01251,0.99989,0.0080375,-0.98529,0.010956,0.17055
0.20767,-0.0074567,0.97817,0.012221,0.99991,0.0050278,-0.97812,0.01091,0.20774
0.24634,-0.0050201,0.96917,0.013431,0.99991,0.0017657,-0.96909,0.012582,0.24638
0.28697,-0.0039376,0.95793,0.012754,0.99992,0.00028955,-0.95785,0.012134,0.287
0.32898,0.00014351,0.94434,0.007241,0.99997,-0.0026745,-0.94431,0.0077178,0.32897
0.37212,0.0057715,0.92817,0.0013645,0.99998,-0.0067651,-0.92818,0.0037839,0.3721
0.41614,0.0099948,0.90925,-0.0011168,0.99994,-0.010481,-0.9093,0.0033459,0.41613
0.45946,0.011307,0.88813,0.00087042,0.99991,-0.013181,-0.8882,0.0068291,0.45941
0.50231,0.012471,0.8646,0.0043121,0.99985,-0.016927,-0.86468,0.012231,0.50218
0.54489,0.011328,0.83843,0.0091402,0.99977,-0.019448,-0.83846,0.01826,0.54466
0.5852,0.01051,0.81082,0.0080948,0.99979,-0.018802,-0.81085,0.017566,0.58499
0.62414,0.011872,0.78122,0.0017522,0.99986,-0.016594,-0.78131,0.011726,0.62403
0.66193,0.013629,0.74944,-0.0033376,0.99988,-0.015235,-0.74956,0.007583,0.66189
0.69763,0.013607,0.71633,-0.0046601,0.99988,-0.014455,-0.71644,0.0067462,0.69762
0.73091,0.013247,0.68234,-0.0042348,0.99988,-0.014875,-0.68246,0.0079828,0.73088
0.76186,0.012549,0.64762,-0.0039111,0.99988,-0.014773,-0.64773,0.0087221,0.76182
0.78977,0.010728,0.61331,-0.0023615,0.99989,-0.014448,-0.6134,0.0099626,0.78971
0.81425,0.010649,0.58042,-0.0031604,0.9999,-0.013912,-0.5805,0.0094934,0.8142
0.83588,0.010969,0.54881,-0.0047307,0.99991,-0.01278,-0.5489,0.0080863,0.83585
0.85398,0.010762,0.5202,-0.0058118,0.99992,-0.011145,-0.52028,0.0064945,0.85397
0.86946,0.009518,0.49391,-0.0060363,0.99994,-0.0086435,-0.49397,0.0045338,0.86947
0.88248,0.0085304,0.47028,-0.0070212,0.99996,-0.004963,-0.47031,0.0010778,0.8825
0.89292,0.0065513,0.45017,-0.0064868,0.99998,-0.001686,-0.45017,-0.0014146,0.89294
0.90159,0.0036955,0.43257,-0.0041131,0.99999,2.9775e-05,-0.43257,-0.001806,0.9016
0.90937,0.00012158,0.41599,-0.00030652,1,0.0003778,-0.41599,-0.00047106,0.90937
0.91678,-0.004269,0.39938,0.0044156,0.99999,0.00055291,-0.39937,0.0012566,0.91679
0.92378,-0.006959,0.38286,0.007194,0.99997,0.00081798,-0.38286,0.0019987,0.9238
0.93047,-0.0073802,0.36631,0.0079717,0.99997,-0.00010209,-0.36629,0.0030151,0.93049
0.93658,-0.0069435,0.35039,0.0075855,0.99997,-0.00045954,-0.35038,0.0030883,0.9366
0.94159,-0.0060892,0.3367,0.0066597,0.99998,-0.00053942,-0.33669,0.0027502,0.94161
0.94486,-0.0035932,0.32746,0.0035681,0.99999,0.0006773,-0.32746,0.00052847,0.94486
0.94625,-0.00078637,0.32345,5.5818e-05,1,0.0022679,-0.32345,-0.002128,0.94624
0.94684,0.0013945,0.32169,-0.0025306,0.99999,0.0031136,-0.32168,-0.0037621,0.94684
0.94708,-0.00061112,0.32101,-0.00044248,0.99999,0.0032092,-0.32101,-0.0031814,0.94707
0.94713,-0.0026767,0.32083,0.001772,0.99999,0.003112,-0.32083,-0.002379,0.94713
0.94709,-0.0046658,0.32093,0.0042966,0.99999,0.0018585,-0.32093,-0.00038125,0.9471
0.94701,-0.0055719,0.32116,0.0057772,0.99998,0.00031378,-0.32115,0.0015582,0.94703
0.94683,-0.0052447,0.32169,0.0054636,0.99999,0.00022217,-0.32169,0.0015473,0.94684
0.94652,-0.0060848,0.32258,0.0056761,0.99998,0.0022077,-0.32258,-0.00025862,0.94654
0.94623,-0.0074069,0.3234,0.0060701,0.99997,0.0051423,-0.32343,-0.0029027,0.94625
0.94594,-0.0097562,0.32419,0.0080692,0.99995,0.0065476,-0.32424,-0.0035777,0.94597
0.94576,-0.01044,0.32471,0.008732,0.99994,0.0067177,-0.32476,-0.003518,0.94579
0.94559,-0.011646,0.32515,0.010517,0.99993,0.0052304,-0.32518,-0.0015263,0.94565
0.94546,-0.013159,0.32548,0.01171,0.99991,0.0064104,-0.32553,-0.0022494,0.94553
0.94527,-0.016226,0.32587,0.013689,0.99986,0.010077,-0.32599,-0.0050647,0.94536
0.94514,-0.017535,0.32619,0.014366,0.99982,0.012122,-0.32635,-0.0067706,0.94523
0.94505,-0.019373,0.32634,0.016266,0.99979,0.012247,-0.32651,-0.006266,0.94517
0.94508,-0.021377,0.32615,0.018859,0.99976,0.010882,-0.32631,-0.0041336,0.94525
0.94518,-0.020905,0.32588,0.018898,0.99978,0.0093233,-0.32601,-0.0026535,0.94536
0.94525,-0.02188,0.32562,0.020361,0.99976,0.0080743,-0.32572,-0.0010023,0.94547
0.9456,-0.021699,0.32462,0.020402,0.99976,0.0073985,-0.3247,-0.00037304,0.94582
0.94593,-0.022157,0.32361,0.020801,0.99975,0.0076489,-0.3237,-0.00050398,0.94616
0.94637,-0.021762,0.32236,0.02004,0.99976,0.0086598,-0.32247,-0.0017353,0.94658
0.94675,-0.02079,0.32131,0.018863,0.99978,0.0091108,-0.32143,-0.0025648,0.94693
0.94721,-0.02148,0.3199,0.019608,0.99977,0.0090702,-0.32002,-0.0023186,0.94741
0.94767,-0.02076,0.31858,0.018937,0.99978,0.0088203,-0.31869,-0.0023258,0.94786
0.94817,-0.020357,0.31711,0.018489,0.99979,0.0089002,-0.31722,-0.002576,0.94835
0.94865,-0.021649,0.3156,0.019499,0.99976,0.0099689,-0.31574,-0.0033033,0.94884
0.9491,-0.023159,0.31411,0.020718,0.99972,0.011106,-0.31428,-0.0040332,0.94932
0.94963,-0.023263,0.3125,0.020631,0.99972,0.011728,-0.31268,-0.0046898,0.94985
0.95018,-0.024214,0.31076,0.021605,0.9997,0.011838,-0.31095,-0.0045341,0.95042
0.95074,-0.025839,0.30892,0.023238,0.99966,0.012095,-0.30912,-0.0043205,0.95101
0.95134,-0.025658,0.30707,0.023188,0.99966,0.011689,-0.30727,-0.004,0.95161
0.95184,-0.025612,0.30552,0.023359,0.99967,0.011028,-0.3057,-0.0033605,0.95212
0.95245,-0.026964,0.3035,0.024394,0.99963,0.012258,-0.30371,-0.004272,0.95275
0.95326,-0.028356,0.30081,0.024844,0.99957,0.015497,-0.30112,-0.0072992,0.95356
0.95393,-0.028253,0.29871,0.023604,0.99954,0.019162,-0.29911,-0.011229,0.95415
