1,1.1976e-11,1.7046e-10,1.1102e-16,1.1976e-11,1,3.5625e-10,0,1.7046e-10,3.5625e-10,1,2.2204e-16,0,0,0,1
1,-0.001959,-0.0016301,0.0034997,0.0019574,1,-0.00097451,-0.0097893,0.001632,0.00097131,1,0.56535,0,0,0,1
0.99999,-0.002475,-0.0027558,0.001174,0.0024687,0.99999,-0.0023168,-0.022415,0.0027616,0.00231,0.99999,1.1276,0,0,0,1
0.99999,-0.0025282,-0.0045809,-0.0078317,0.002512,0.99999,-0.0035266,-0.041411,0.0045898,0.0035151,0.99998,1.6892,0,0,0,1
0.99997,-0.0046487,-0.0065953,-0.015081,0.0046128,0.99997,-0.005444,-0.059227,0.0066205,0.0054134,0.99996,2.2513,0,0,0,1
0.99994,-0.0071346,-0.0081528,-0.020401,0.0070729,0.99995,-0.0075691,-0.074232,0.0082063,0.007511,0.99994,2.8161,0,0,0,1
0.99992,-0.0083113,-0.0095391,-0.029694,0.0082303,0.99993,-0.0085008,-0.090783,0.0096091,0.0084216,0.99992,3.3903,0,0,0,1
0.9999,-0.0085253,-0.010911,-0.041527,0.0084411,0.99993,-0.0077422,-0.10985,0.010976,0.0076494,0.99991,3.9695,0,0,0,1
0.99989,-0.0088115,-0.012066,-0.055937,0.0087159,0.99993,-0.0079576,-0.1348,0.012135,0.0078515,0.9999,4.5562,0,0,0,1
0.99988,-0.0082789,-0.013248,-0.070081,0.0081414,0.99991,-0.010401,-0.15755,0.013333,0.010292,0.99986,5.1505,0,0,0,1
0.99987,-0.00658,-0.014391,-0.087982,0.0063743,0.99988,-0.014298,-0.18035,0.014483,0.014204,0.99979,5.7513,0,0,0,1
0.99987,-0.0050828,-0.015612,-0.10547,0.0048008,0.99983,-0.018046,-0.19966,0.015701,0.017969,0.99972,6.3639,0,0,0,1
0.99985,-0.0036238,-0.016805,-0.12386,0.003307,0.99982,-0.018845,-0.21878,0.016871,0.018787,0.99968,6.9896,0,0,0,1
0.99984,-0.0011125,-0.017885,-0.14447,0.00089077,0.99992,-0.012403,-0.23662,0.017898,0.012385,0.99976,7.6376,0,0,0,1
0.99983,-8.6721e-05,-0.018665,-0.16451,5.3587e-05,1,-0.0017757,-0.25426,0.018665,0.0017744,0.99982,8.3021,0,0,0,1
0.99981,0.0010046,-0.019367,-0.18448,-0.00089892,0.99998,0.0054651,-0.2738,0.019372,-0.0054467,0.9998,8.9784,0,0,0,1
0.99978,0.00339,-0.020617,-0.20772,-0.0032758,0.99998,0.0055667,-0.29244,0.020636,-0.005498,0.99977,9.6619,0,0,0,1
0.99975,0.0055558,-0.021459,-0.233,-0.0055952,0.99998,-0.0017786,-0.30357,0.021449,0.0018983,0.99977,10.354,0,0,0,1
0.99974,0.0048129,-0.022428,-0.25379,-0.0050134,0.99995,-0.0088906,-0.30918,0.022384,0.0090007,0.99971,11.064,0,0,0,1
0.99971,0.0026207,-0.02375,-0.27013,-0.0028192,0.99996,-0.0083266,-0.31522,0.023728,0.0083912,0.99968,11.798,0,0,0,1
0.99971,0.0018937,-0.024161,-0.28212,-0.0018581,1,0.0014965,-0.3207,0.024164,-0.0014512,0.99971,12.559,0,0,0,1
0.9997,0.0016251,-0.024579,-0.29621,-0.0013932,0.99995,0.0094524,-0.32522,0.024593,-0.0094152,0.99965,13.335,0,0,0,1
0.99969,0.00075836,-0.025035,-0.31283,-0.0004521,0.99992,0.012237,-0.32921,0.025043,-0.012221,0.99961,14.124,0,0,0,1
0.99968,-0.0013827,-0.025292,-0.32709,0.0016675,0.99994,0.011245,-0.33002,0.025275,-0.011283,0.99962,14.928,0,0,0,1
0.99969,-0.0021987,-0.024998,-0.34512,0.0024139,0.99996,0.0085819,-0.32986,0.024978,-0.0086395,0.99965,15.749,0,0,0,1
0.9997,5.7475e-05,-0.024327,-0.35856,6.6605e-05,0.99999,0.0050998,-0.33108,0.024327,-0.0050999,0.99969,16.582,0,0,0,1
0.99972,-0.0026366,-0.023346,-0.36611,0.0026326,1,-0.00020461,-0.33742,0.023347,0.0001431,0.99973,17.428,0,0,0,1
0.99973,-0.0055441,-0.022728,-0.36864,0.0053998,0.99996,-0.0064075,-0.35065,0.022763,0.006283,0.99972,18.288,0,0,0,1
0.99976,-0.0050859,-0.02153,-0.38129,0.0048195,0.99991,-0.012411,-0.36432,0.021592,0.012304,0.99969,19.17,0,0,0,1
0.99977,-0.0038388,-0.021278,-0.39314,0.0035553,0.9999,-0.013347,-0.38363,0.021328,0.013269,0.99968,20.071,0,0,0,1
0.99976,-0.0034227,-0.021536,-0.40656,0.0031481,0.99991,-0.012769,-0.40788,0.021578,0.012698,0.99969,20.991,0,0,0,1
0.99977,-0.0022044,-0.021484,-0.41966,0.0019102,0.9999,-0.013705,-0.43507,0.021512,0.01366,0.99968,21.925,0,0,0,1
0.99977,0.00046875,-0.021318,-0.43756,-0.00080753,0.99987,-0.015886,-0.46314,0.021308,0.015899,0.99965,22.878,0,0,0,1
0.99976,0.0040137,-0.021336,-0.45073,-0.0043715,0.99985,-0.016751,-0.49138,0.021265,0.01684,0.99963,23.849,0,0,0,1
0.99976,0.0057912,-0.02124,-0.46864,-0.006144,0.99984,-0.016581,-0.52082,0.021141,0.016707,0.99964,24.825,0,0,0,1
0.99975,0.0066554,-0.021464,-0.48707,-0.0070095,0.99984,-0.016465,-0.55049,0.021351,0.016611,0.99963,25.808,0,0,0,1
0.99974,0.006684,-0.021652,-0.50558,-0.0070438,0.99984,-0.016582,-0.5807,0.021538,0.01673,0.99963,26.795,0,0,0,1
0.99973,0.00747,-0.022005,-0.52588,-0.0078104,0.99985,-0.015425,-0.61231,0.021887,0.015592,0.99964,27.796,0,0,0,1
0.99972,0.0081692,-0.022299,-0.54648,-0.008472,0.99987,-0.01352,-0.6431,0.022185,0.013705,0.99966,28.803,0,0,0,1
0.9997,0.0088287,-0.022635,-0.56792,-0.0091075,0.99988,-0.012244,-0.67385,0.022524,0.012446,0.99967,29.817,0,0,0,1
0.9997,0.0086894,-0.022685,-0.58848,-0.0089855,0.99988,-0.012983,-0.70481,0.02257,0.013183,0.99966,30.838,0,0,0,1
0.99969,0.0097584,-0.022865,-0.61139,-0.010084,0.99985,-0.014161,-0.73448,0.022724,0.014388,0.99964,31.867,0,0,0,1
0.99969,0.0095631,-0.0232,-0.63419,-0.0098758,0.99986,-0.013405,-0.76585,0.023069,0.01363,0.99964,32.903,0,0,0,1
0.99968,0.0088596,-0.023878,-0.65626,-0.0091167,0.9999,-0.01068,-0.7961,0.023781,0.010895,0.99966,33.949,0,0,0,1
0.99967,0.0091034,-0.024205,-0.67997,-0.0092801,0.99993,-0.0071963,-0.82507,0.024138,0.0074185,0.99968,35.004,0,0,0,1
0.99965,0.0092843,-0.024707,-0.70463,-0.009401,0.99995,-0.0046089,-0.85213,0.024663,0.0048395,0.99968,36.067,0,0,0,1
0.99964,0.0092185,-0.025237,-0.73182,-0.0093219,0.99995,-0.0039826,-0.87924,0.025199,0.0042164,0.99967,37.13,0,0,0,1
0.99963,0.0086404,-0.025627,-0.75095,-0.0087854,0.99995,-0.0055542,-0.89995,0.025577,0.0057773,0.99966,38.202,0,0,0,1
0.99962,0.0088532,-0.025973,-0.76374,-0.0090087,0.99994,-0.0058758,-0.91739,0.025919,0.0061075,0.99965,39.277,0,0,0,1
0.99961,0.0086368,-0.026508,-0.78611,-0.0087723,0.99995,-0.0050011,-0.9426,0.026463,0.0052317,0.99964,40.354,0,0,0,1
0.99959,0.008601,-0.027271,-0.81198,-0.0086833,0.99996,-0.0028989,-0.97072,0.027245,0.0031346,0.99962,41.431,0,0,0,1
0.99957,0.008728,-0.027837,-0.84056,-0.0087473,0.99996,-0.00057112,-0.99835,0.027831,0.00081437,0.99961,42.506,0,0,0,1
0.99955,0.01022,-0.028301,-0.87091,-0.010224,0.99995,1.8283e-06,-1.027,0.028299,0.00028752,0.9996,43.58,0,0,0,1
0.99953,0.010944,-0.028711,-0.906,-0.011065,0.99993,-0.0040575,-1.048,0.028664,0.0043733,0.99958,44.645,0,0,0,1
0.99951,0.012352,-0.028812,-0.94481,-0.012603,0.99988,-0.008564,-1.0652,0.028703,0.0089229,0.99955,45.707,0,0,0,1
0.99949,0.01312,-0.028978,-0.98151,-0.013389,0.99987,-0.0091102,-1.0882,0.028854,0.0094936,0.99954,46.78,0,0,0,1
0.9995,0.013243,-0.02875,-1.0156,-0.01343,0.99989,-0.0063481,-1.1109,0.028663,0.006731,0.99957,47.858,0,0,0,1
0.99949,0.014177,-0.028549,-1.0501,-0.014299,0.99989,-0.0040594,-1.1314,0.028489,0.0044656,0.99958,48.935,0,0,0,1
0.99952,0.012042,-0.028474,-1.0795,-0.012125,0.99992,-0.002759,-1.1494,0.028438,0.0031029,0.99959,50.011,0,0,0,1
0.99952,0.013007,-0.028136,-1.1125,-0.013081,0.99991,-0.0024394,-1.1688,0.028102,0.0028062,0.9996,51.089,0,0,0,1
0.99956,0.010821,-0.027721,-1.1429,-0.010972,0.99993,-0.0053155,-1.1849,0.027662,0.0056173,0.9996,52.16,0,0,0,1
0.99955,0.011942,-0.027644,-1.1775,-0.012163,0.9999,-0.0078216,-1.2003,0.027548,0.0081543,0.99959,53.233,0,0,0,1
0.99956,0.010978,-0.027564,-1.2105,-0.011252,0.99989,-0.0098176,-1.2212,0.027453,0.010123,0.99957,54.306,0,0,0,1
0.99957,0.0095823,-0.027544,-1.2488,-0.0099384,0.99987,-0.01282,-1.2443,0.027418,0.013088,0.99954,55.372,0,0,0,1
0.99959,0.0078895,-0.027413,-1.2822,-0.0083136,0.99985,-0.015394,-1.2722,0.027288,0.015616,0.99951,56.444,0,0,0,1
0.99961,0.0064829,-0.02725,-1.3194,-0.0068486,0.99989,-0.013346,-1.3001,0.02716,0.013527,0.99954,57.514,0,0,0,1
0.99962,0.0052728,-0.027209,-1.3522,-0.0054723,0.99996,-0.007263,-1.3227,0.02717,0.0074091,0.9996,58.601,0,0,0,1
0.99963,0.0041777,-0.02692,-1.3872,-0.0042111,0.99999,-0.0011833,-1.339,0.026915,0.0012963,0.99964,59.686,0,0,0,1
0.99964,0.002509,-0.026778,-1.418,-0.0025063,1,0.00013293,-1.3543,0.026778,-6.5764e-05,0.99964,60.769,0,0,0,1
0.99965,-0.00066227,-0.026548,-1.4446,0.00057994,0.99999,-0.0031085,-1.3649,0.02655,0.0030921,0.99964,61.847,0,0,0,1
0.99965,-0.0025486,-0.02651,-1.4695,0.0023795,0.99998,-0.0064079,-1.3775,0.026526,0.0063425,0.99963,62.925,0,0,0,1
0.99965,-0.00057101,-0.026552,-1.4999,0.00030048,0.99995,-0.010192,-1.3958,0.026556,0.01018,0.9996,64.004,0,0,0,1
0.99965,-0.0013017,-0.026491,-1.5281,0.00090792,0.99989,-0.014873,-1.4152,0.026507,0.014844,0.99954,65.085,0,0,0,1
0.99966,0.0019954,-0.025943,-1.5588,-0.002403,0.99987,-0.015692,-1.4362,0.025909,0.015749,0.99954,66.17,0,0,0,1
0.99967,0.0068479,-0.024927,-1.5933,-0.0071477,0.9999,-0.011958,-1.4606,0.024842,0.012132,0.99962,67.261,0,0,0,1
0.99966,0.0083128,-0.024785,-1.6235,-0.0085496,0.99992,-0.0094637,-1.4837,0.024705,0.0096724,0.99965,68.35,0,0,0,1
0.99966,0.0075756,-0.024949,-1.6492,-0.007807,0.99993,-0.0091924,-1.5019,0.024878,0.0093841,0.99965,69.435,0,0,0,1
0.99967,0.006096,-0.024784,-1.6732,-0.0063028,0.99995,-0.0082745,-1.5229,0.024732,0.008428,0.99966,70.522,0,0,0,1
0.99967,0.0049702,-0.025071,-1.6976,-0.0051448,0.99996,-0.0069026,-1.5423,0.025035,0.0070294,0.99966,71.606,0,0,0,1
0.99967,0.0033947,-0.025369,-1.724,-0.0035244,0.99998,-0.0050683,-1.5664,0.025351,0.0051561,0.99967,72.69,0,0,0,1
0.99966,0.0022206,-0.026075,-1.7546,-0.0023023,0.99999,-0.0031038,-1.5935,0.026068,0.0031628,0.99966,73.769,0,0,0,1
0.99964,0.0014791,-0.026666,-1.7844,-0.0015906,0.99999,-0.0041576,-1.619,0.02666,0.0041986,0.99964,74.843,0,0,0,1
0.99963,0.0016073,-0.027186,-1.818,-0.0018263,0.99997,-0.0080351,-1.6441,0.027173,0.0080818,0.9996,75.912,0,0,0,1
0.99961,0.0021338,-0.027839,-1.8523,-0.0024247,0.99994,-0.010418,-1.6707,0.027815,0.010481,0.99956,76.98,0,0,0,1
0.99959,0.0042331,-0.028349,-1.8928,-0.0044838,0.99995,-0.0087861,-1.7021,0.028311,0.0089096,0.99956,78.045,0,0,0,1
0.99957,0.0052786,-0.028921,-1.9317,-0.0054159,0.99997,-0.004669,-1.7317,0.028896,0.0048236,0.99957,79.115,0,0,0,1
0.99954,0.0068532,-0.029506,-1.9716,-0.006869,0.99998,-0.00043269,-1.7594,0.029503,0.00063517,0.99956,80.18,0,0,0,1
0.99952,0.0079949,-0.029902,-2.0092,-0.007978,0.99997,0.00068415,-1.78,0.029906,-0.00044526,0.99955,81.241,0,0,0,1
0.99951,0.0077958,-0.030448,-2.0461,-0.0078489,0.99997,-0.0016257,-1.7985,0.030434,0.0018639,0.99953,82.296,0,0,0,1
0.99949,0.007555,-0.031084,-2.0822,-0.007642,0.99997,-0.0026816,-1.8192,0.031063,0.0029177,0.99951,83.343,0,0,0,1
0.99948,0.0072255,-0.031576,-2.1181,-0.0073065,0.99997,-0.0024493,-1.8363,0.031557,0.0026787,0.9995,84.381,0,0,0,1
0.99946,0.005956,-0.032292,-2.1523,-0.0060317,0.99998,-0.0022466,-1.8547,0.032278,0.0024401,0.99948,85.406,0,0,0,1
0.99945,0.004547,-0.032934,-2.1872,-0.0045724,0.99999,-0.00069585,-1.8712,0.032931,0.00084606,0.99946,86.417,0,0,0,1
0.99943,0.0047567,-0.033382,-2.2249,-0.0046956,0.99999,0.0019083,-1.8891,0.03339,-0.0017504,0.99944,87.411,0,0,0,1
0.9994,0.0040128,-0.034346,-2.2624,-0.0039028,0.99999,0.0032669,-1.9078,0.034359,-0.0031309,0.9994,88.383,0,0,0,1
0.99933,0.0029992,-0.036373,-2.3037,-0.0028807,0.99999,0.0033091,-1.9295,0.036383,-0.0032021,0.99933,89.335,0,0,0,1
0.99921,0.0021383,-0.039651,-2.3448,-0.0020311,0.99999,0.0027445,-1.951,0.039656,-0.0026618,0.99921,90.266,0,0,0,1
0.99907,0.0021867,-0.043099,-2.3901,-0.0021078,1,0.0018754,-1.9727,0.043103,-0.0017828,0.99907,91.171,0,0,0,1
0.99893,0.0018328,-0.046197,-2.4347,-0.0017551,1,0.0017216,-1.9936,0.0462,-0.0016387,0.99893,92.055,0,0,0,1
0.99878,0.0029047,-0.049354,-2.4867,-0.0027452,0.99999,0.0032993,-2.022,0.049363,-0.0031598,0.99878,92.916,0,0,0,1
0.99862,0.0039415,-0.052381,-2.5383,-0.0037244,0.99998,0.0042417,-2.0444,0.052397,-0.0040407,0.99862,93.754,0,0,0,1
0.99846,0.0049109,-0.055305,-2.5944,-0.0045957,0.99997,0.0058251,-2.0661,0.055332,-0.005562,0.99845,94.567,0,0,0,1
0.99829,0.0064275,-0.05802,-2.6496,-0.0060479,0.99996,0.0067164,-2.0833,0.058061,-0.006354,0.99829,95.352,0,0,0,1
0.99814,0.0085463,-0.060428,-2.7098,-0.0081172,0.99994,0.0073437,-2.1048,0.060487,-0.0068395,0.99815,96.111,0,0,0,1
0.99795,0.010453,-0.063131,-2.7693,-0.010068,0.99993,0.0064241,-2.1272,0.063194,-0.0057753,0.99798,96.836,0,0,0,1
0.99777,0.011842,-0.065714,-2.8276,-0.011668,0.99993,0.0030354,-2.1499,0.065745,-0.0022619,0.99783,97.533,0,0,0,1
0.99757,0.014144,-0.068196,-2.8853,-0.014233,0.9999,-0.00081746,-2.1696,0.068178,0.0017861,0.99767,98.197,0,0,0,1
0.99739,0.016163,-0.070408,-2.9406,-0.016449,0.99986,-0.003493,-2.1928,0.070341,0.0046421,0.99751,98.833,0,0,0,1
0.99729,0.017773,-0.071411,-2.9926,-0.018155,0.99982,-0.0046972,-2.2176,0.071315,0.0059809,0.99744,99.437,0,0,0,1
0.9973,0.020312,-0.070594,-3.0437,-0.020656,0.99978,-0.0041481,-2.2421,0.070495,0.005595,0.9975,100.02,0,0,0,1
0.99741,0.024011,-0.067825,-3.0923,-0.024231,0.9997,-0.002434,-2.2683,0.067747,0.0040712,0.99769,100.58,0,0,0,1
0.99769,0.026857,-0.06246,-3.1324,-0.026959,0.99964,-0.00078803,-2.2915,0.062416,0.0024701,0.99805,101.12,0,0,0,1
0.99809,0.027695,-0.055284,-3.1624,-0.027683,0.99962,0.00098072,-2.311,0.05529,0.00055159,0.99847,101.64,0,0,0,1
0.99857,0.027543,-0.045767,-3.1825,-0.027414,0.99962,0.0034436,-2.3272,0.045844,-0.002184,0.99895,102.13,0,0,0,1
0.99905,0.027116,-0.034116,-3.1967,-0.026967,0.99962,0.0048382,-2.3491,0.034235,-0.0039136,0.99941,102.6,0,0,0,1
0.99944,0.02635,-0.020796,-3.202,-0.026252,0.99964,0.0049527,-2.369,0.020919,-0.004404,0.99977,103.05,0,0,0,1
0.99964,0.026064,-0.0058568,-3.1982,-0.026039,0.99965,0.0042387,-2.3918,0.0059652,-0.0040847,0.99997,103.49,0,0,0,1
0.99963,0.024657,0.011876,-3.1827,-0.024675,0.99969,0.0014149,-2.41,-0.011838,-0.0017074,0.99993,103.91,0,0,0,1
0.99918,0.023972,0.032762,-3.1569,-0.023883,0.99971,-0.0031119,-2.4326,-0.032827,0.0023269,0.99946,104.32,0,0,0,1
0.99815,0.021875,0.056788,-3.1162,-0.021453,0.99974,-0.0080296,-2.4495,-0.056949,0.0067964,0.99835,104.72,0,0,0,1
0.99629,0.019535,0.083801,-3.0618,-0.018695,0.99977,-0.010792,-2.472,-0.083993,0.0091853,0.99642,105.12,0,0,0,1
0.99341,0.016853,0.11341,-2.9939,-0.015586,0.99981,-0.012053,-2.4877,-0.11359,0.010206,0.99348,105.5,0,0,0,1
0.98925,0.014378,0.14554,-2.9114,-0.012521,0.99983,-0.013671,-2.5075,-0.14571,0.011702,0.98926,105.88,0,0,0,1
0.98344,0.011693,0.18085,-2.8139,-0.009043,0.99984,-0.015472,-2.5266,-0.181,0.01358,0.98339,106.24,0,0,0,1
0.97568,0.0082249,0.21904,-2.6994,-0.0048605,0.99986,-0.015894,-2.5486,-0.21914,0.014443,0.97559,106.6,0,0,0,1
0.9659,0.0056395,0.25884,-2.5708,-0.0013929,0.99986,-0.016587,-2.5654,-0.2589,0.015661,0.96578,106.94,0,0,0,1
0.95388,0.0059892,0.30014,-2.4317,-0.00075295,0.99985,-0.017559,-2.5854,-0.3002,0.016523,0.95373,107.29,0,0,0,1
0.93891,0.0080829,0.34407,-2.2794,-0.0020304,0.99984,-0.017948,-2.6011,-0.34416,0.016153,0.93877,107.62,0,0,0,1
0.92136,0.0078417,0.38862,-2.1094,-0.0013443,0.99985,-0.016988,-2.6159,-0.3887,0.01513,0.92124,107.93,0,0,0,1
0.90151,0.0069076,0.4327,-1.9215,-0.00012797,0.99988,-0.015695,-2.6289,-0.43275,0.014094,0.9014,108.23,0,0,0,1
0.87878,0.0053969,0.4772,-1.7202,0.0024685,0.99987,-0.015854,-2.6419,-0.47723,0.01511,0.87865,108.52,0,0,0,1
0.85399,0.0054866,0.52027,-1.5068,0.0043123,0.99984,-0.017622,-2.656,-0.52028,0.017293,0.85382,108.79,0,0,0,1
0.82686,0.0070767,0.56236,-1.2828,0.0053722,0.99978,-0.02048,-2.6705,-0.56238,0.019955,0.82664,109.05,0,0,0,1
0.79671,0.011467,0.60425,-1.047,0.0042287,0.99969,-0.024548,-2.6829,-0.60434,0.022113,0.79642,109.31,0,0,0,1
0.76343,0.017211,0.64566,-0.79723,0.0015336,0.99959,-0.028459,-2.6919,-0.64589,0.022716,0.76309,109.55,0,0,0,1
0.72666,0.022005,0.68664,-0.53072,-0.001,0.99952,-0.030974,-2.6992,-0.68699,0.021821,0.72634,109.79,0,0,0,1
0.68765,0.022432,0.72569,-0.24664,0.00078421,0.9995,-0.031638,-2.7121,-0.72604,0.022325,0.68729,110.02,0,0,0,1
0.64723,0.019579,0.76204,0.055784,0.0054537,0.99953,-0.030313,-2.7236,-0.76228,0.023775,0.64681,110.21,0,0,0,1
0.6035,0.017317,0.79717,0.37446,0.0067072,0.99962,-0.026792,-2.7329,-0.79733,0.021516,0.60315,110.4,0,0,0,1
0.55748,0.015584,0.83004,0.70511,0.0078478,0.99968,-0.02404,-2.7415,-0.83015,0.019916,0.55718,110.57,0,0,0,1
0.51002,0.013188,0.86006,1.0495,0.0094038,0.99974,-0.020906,-2.7536,-0.86011,0.01875,0.50976,110.73,0,0,0,1
0.45968,0.0085421,0.88804,1.4081,0.012264,0.9998,-0.015965,-2.7643,-0.888,0.01823,0.45948,110.86,0,0,0,1
0.40821,0.0082343,0.91285,1.7741,0.0098911,0.99986,-0.013442,-2.7773,-0.91284,0.014516,0.40807,110.99,0,0,0,1
0.35724,0.012407,0.93393,2.1489,0.0062749,0.99986,-0.015684,-2.7885,-0.93399,0.011463,0.35711,111.1,0,0,0,1
0.30672,0.017873,0.95163,2.5331,0.0057472,0.99977,-0.02063,-2.7963,-0.95178,0.011797,0.30655,111.19,0,0,0,1
0.25982,0.020062,0.96545,2.9346,0.0070487,0.99972,-0.022671,-2.8065,-0.96563,0.012696,0.25961,111.27,0,0,0,1
0.21791,0.019611,0.97577,3.3507,0.013572,0.99964,-0.023121,-2.8185,-0.97588,0.018281,0.21756,111.32,0,0,0,1
0.18228,0.019182,0.98306,3.7838,0.021772,0.99949,-0.02354,-2.8298,-0.98301,0.025694,0.18177,111.36,0,0,0,1
0.15139,0.020924,0.98825,4.2273,0.027057,0.99931,-0.025303,-2.8403,-0.9881,0.03057,0.15072,111.4,0,0,0,1
0.1229,0.019319,0.99223,4.6908,0.025451,0.99942,-0.022611,-2.857,-0.99209,0.028032,0.12234,111.45,0,0,0,1
0.096964,0.015609,0.99517,5.1734,0.018806,0.99967,-0.017512,-2.8717,-0.99511,0.020413,0.096638,111.49,0,0,0,1
0.072619,0.012144,0.99729,5.6727,0.01372,0.99982,-0.013174,-2.8861,-0.99727,0.01464,0.07244,111.52,0,0,0,1
0.049619,0.0089909,0.99873,6.1929,0.017134,0.9998,-0.0098519,-2.9021,-0.99862,0.017601,0.049455,111.53,0,0,0,1
0.029138,0.0091317,0.99953,6.7285,0.024613,0.99965,-0.0098503,-2.9172,-0.99927,0.024888,0.028903,111.52,0,0,0,1
0.010955,0.011222,0.99988,7.2823,0.029945,0.99948,-0.011545,-2.9305,-0.99949,0.030068,0.010614,111.5,0,0,0,1
-0.0035532,0.016909,0.99985,7.8553,0.03158,0.99936,-0.016789,-2.9357,-0.99949,0.031516,-0.004085,111.49,0,0,0,1
-0.01523,0.021919,0.99964,8.4477,0.028595,0.99936,-0.021477,-2.943,-0.99948,0.028258,-0.015847,111.48,0,0,0,1
-0.021981,0.022581,0.9995,9.0658,0.030812,0.99929,-0.021898,-2.9534,-0.99928,0.030316,-0.022661,111.46,0,0,0,1
-0.024915,0.018451,0.99952,9.7084,0.036553,0.99918,-0.017534,-2.9664,-0.99902,0.036099,-0.025569,111.43,0,0,0,1
-0.024788,0.017397,0.99954,10.365,0.039206,0.9991,-0.016417,-2.9803,-0.99892,0.038781,-0.025448,111.41,0,0,0,1
-0.023129,0.016521,0.9996,11.042,0.038622,0.99913,-0.01562,-2.9939,-0.99899,0.038245,-0.023747,111.4,0,0,0,1
-0.021748,0.016394,0.99963,11.73,0.034153,0.99929,-0.015646,-3.0098,-0.99918,0.0338,-0.022293,111.39,0,0,0,1
-0.020668,0.01829,0.99962,12.441,0.033751,0.99928,-0.017586,-3.021,-0.99922,0.033374,-0.02127,111.38,0,0,0,1
-0.019937,0.018836,0.99962,13.164,0.033193,0.99928,-0.018168,-3.0343,-0.99925,0.032819,-0.020548,111.36,0,0,0,1
-0.019408,0.01845,0.99964,13.902,0.033008,0.9993,-0.017803,-3.0512,-0.99927,0.032651,-0.020003,111.35,0,0,0,1
-0.018754,0.017036,0.99968,14.658,0.031611,0.99936,-0.016438,-3.0729,-0.99932,0.031293,-0.019281,111.34,0,0,0,1
-0.01821,0.015705,0.99971,15.424,0.032463,0.99936,-0.015108,-3.0953,-0.99931,0.032178,-0.018708,111.32,0,0,0,1
-0.018806,0.013519,0.99973,16.201,0.033323,0.99936,-0.012887,-3.1182,-0.99927,0.033072,-0.019245,111.31,0,0,0,1
-0.020161,0.011961,0.99973,16.981,0.031207,0.99945,-0.011329,-3.141,-0.99931,0.03097,-0.020523,111.29,0,0,0,1
-0.021803,0.010951,0.9997,17.767,0.02961,0.99951,-0.010303,-3.1606,-0.99932,0.029377,-0.022116,111.28,0,0,0,1
-0.02323,0.0083666,0.9997,18.565,0.031873,0.99946,-0.007624,-3.1765,-0.99922,0.031686,-0.023484,111.25,0,0,0,1
-0.024479,0.0072938,0.99967,19.372,0.034738,0.99938,-0.006441,-3.1936,-0.9991,0.034569,-0.024718,111.23,0,0,0,1
-0.026542,0.0050005,0.99964,20.188,0.030349,0.99953,-0.0041941,-3.2141,-0.99919,0.030227,-0.026681,111.21,0,0,0,1
-0.027424,0.0099391,0.99957,21.006,0.027774,0.99957,-0.009177,-3.2323,-0.99924,0.027511,-0.027688,111.19,0,0,0,1
-0.028047,0.015094,0.99949,21.828,0.029248,0.99947,-0.014273,-3.2508,-0.99918,0.028833,-0.028474,111.17,0,0,0,1
-0.028775,0.016938,0.99944,22.658,0.02998,0.99942,-0.016075,-3.2731,-0.99914,0.029501,-0.029267,111.15,0,0,0,1
-0.029841,0.014844,0.99944,23.497,0.026432,0.99955,-0.014056,-3.2983,-0.99921,0.025998,-0.03022,111.14,0,0,0,1
-0.030614,0.010713,0.99947,24.338,0.0233,0.99968,-0.010002,-3.3264,-0.99926,0.022981,-0.030854,111.13,0,0,0,1
-0.030565,0.0049287,0.99952,25.182,0.021585,0.99976,-0.0042698,-3.3504,-0.9993,0.021444,-0.030664,111.11,0,0,0,1
-0.030491,-0.00053499,0.99953,26.027,0.018374,0.99983,0.0010956,-3.3704,-0.99937,0.018399,-0.030476,111.1,0,0,0,1
-0.030378,-0.0018709,0.99954,26.865,0.015301,0.99988,0.0023366,-3.3924,-0.99942,0.015365,-0.030346,111.09,0,0,0,1
-0.029405,0.0033844,0.99956,27.696,0.017708,0.99984,-0.0028644,-3.4177,-0.99941,0.017616,-0.02946,111.07,0,0,0,1
-0.028237,0.01517,0.99949,28.518,0.020339,0.99969,-0.014598,-3.4396,-0.99939,0.019916,-0.028537,111.04,0,0,0,1
-0.02765,0.022038,0.99937,29.34,0.022606,0.99952,-0.021415,-3.4646,-0.99936,0.022,-0.028135,111.02,0,0,0,1
-0.026361,0.016155,0.99952,30.172,0.023802,0.9996,-0.015528,-3.4947,-0.99937,0.023381,-0.026735,111,0,0,0,1
-0.025116,0.0078427,0.99965,31.003,0.026442,0.99962,-0.0071781,-3.5246,-0.99933,0.026252,-0.025314,110.97,0,0,0,1
-0.024521,0.0050482,0.99969,31.824,0.028126,0.99959,-0.0043578,-3.5504,-0.9993,0.02801,-0.024654,110.95,0,0,0,1
-0.024484,0.0056251,0.99968,32.637,0.027254,0.99962,-0.0049572,-3.574,-0.99933,0.027124,-0.024628,110.93,0,0,0,1
-0.025209,0.0064382,0.99966,33.45,0.024285,0.99969,-0.0058259,-3.5974,-0.99939,0.02413,-0.025357,110.91,0,0,0,1
-0.027111,0.0068315,0.99961,34.256,0.022355,0.99973,-0.006226,-3.6195,-0.99938,0.022178,-0.027256,110.9,0,0,0,1
-0.029071,0.0062725,0.99956,35.06,0.021649,0.99975,-0.005644,-3.6434,-0.99934,0.021476,-0.0292,110.87,0,0,0,1
-0.031182,0.0070537,0.99949,35.86,0.020945,0.99976,-0.0064022,-3.669,-0.99929,0.020735,-0.031323,110.85,0,0,0,1
-0.033231,0.007281,0.99942,36.656,0.019092,0.9998,-0.0066489,-3.6923,-0.99927,0.01886,-0.033364,110.83,0,0,0,1
-0.035288,0.0065483,0.99936,37.45,0.017021,0.99984,-0.0059505,-3.7133,-0.99923,0.0168,-0.035393,110.81,0,0,0,1
-0.037328,0.0049893,0.99929,38.241,0.017476,0.99984,-0.0043392,-3.7394,-0.99915,0.017301,-0.037409,110.79,0,0,0,1
-0.039317,0.0047421,0.99922,39.024,0.017205,0.99984,-0.0040681,-3.7644,-0.99908,0.017032,-0.039392,110.76,0,0,0,1
-0.041142,0.0059139,0.99914,39.804,0.016954,0.99984,-0.0052199,-3.7889,-0.99901,0.016725,-0.041235,110.73,0,0,0,1
-0.042133,0.0067799,0.99909,40.576,0.017529,0.99983,-0.0060457,-3.8113,-0.99896,0.017259,-0.042245,110.7,0,0,0,1
-0.043351,0.0054625,0.99904,41.348,0.019534,0.9998,-0.004619,-3.8349,-0.99887,0.019315,-0.043449,110.66,0,0,0,1
-0.04475,0.004543,0.99899,42.116,0.01967,0.9998,-0.0036656,-3.8605,-0.9988,0.019486,-0.04483,110.63,0,0,0,1
-0.046131,0.0037923,0.99893,42.876,0.018654,0.99982,-0.0029342,-3.8855,-0.99876,0.018499,-0.046193,110.59,0,0,0,1
-0.047527,0.0026977,0.99887,43.626,0.016826,0.99986,-0.0018998,-3.9085,-0.99873,0.016717,-0.047566,110.56,0,0,0,1
-0.048442,0.0018589,0.99882,44.359,0.015639,0.99988,-0.0011024,-3.9275,-0.9987,0.015568,-0.048465,110.53,0,0,0,1
-0.0493,0.0011211,0.99878,45.074,0.015753,0.99988,-0.00034477,-3.9471,-0.99866,0.015717,-0.049312,110.5,0,0,0,1
-0.049633,0.0034394,0.99876,45.779,0.01595,0.99987,-0.0026506,-3.9682,-0.99864,0.015799,-0.049681,110.47,0,0,0,1
-0.049717,0.0065375,0.99874,46.479,0.016242,0.99985,-0.0057363,-3.9903,-0.99863,0.015937,-0.049815,110.44,0,0,0,1
-0.049911,0.0081041,0.99872,47.177,0.014358,0.99987,-0.0073959,-4.0118,-0.99865,0.013971,-0.050021,110.41,0,0,0,1
-0.05013,0.008979,0.9987,47.871,0.014656,0.99986,-0.0082538,-4.0343,-0.99864,0.014224,-0.050255,110.38,0,0,0,1
-0.0502,0.0088631,0.9987,48.566,0.015836,0.99984,-0.0080773,-4.0553,-0.99861,0.01541,-0.050332,110.35,0,0,0,1
-0.05048,0.0079145,0.99869,49.254,0.016851,0.99983,-0.0070718,-4.0746,-0.99858,0.016472,-0.050605,110.32,0,0,0,1
-0.050875,0.0085078,0.99867,49.94,0.013115,0.99988,-0.0078501,-4.0938,-0.99862,0.012698,-0.05098,110.29,0,0,0,1
-0.050833,0.0082017,0.99867,50.624,0.010217,0.99992,-0.0076919,-4.1144,-0.99865,0.0098123,-0.050913,110.26,0,0,0,1
-0.050697,0.0067894,0.99869,51.299,0.012087,0.99991,-0.006184,-4.1318,-0.99864,0.011758,-0.050774,110.23,0,0,0,1
-0.051598,0.0064047,0.99865,51.972,0.012761,0.9999,-0.0057534,-4.1487,-0.99859,0.012447,-0.051675,110.19,0,0,0,1
-0.05488,0.0058915,0.99848,52.641,0.0098892,0.99994,-0.0053566,-4.1678,-0.99844,0.0095802,-0.054935,110.16,0,0,0,1
-0.06012,0.0054563,0.99818,53.307,0.0057562,0.99997,-0.0051194,-4.188,-0.99817,0.0054379,-0.06015,110.13,0,0,0,1
-0.065944,0.0087199,0.99779,53.966,0.0087742,0.99993,-0.0081588,-4.2047,-0.99778,0.0082167,-0.066015,110.08,0,0,0,1
-0.07232,0.012096,0.99731,54.627,0.011542,0.99987,-0.01129,-4.2211,-0.99731,0.010694,-0.07245,110.03,0,0,0,1
-0.079766,0.013678,0.99672,55.297,0.010696,0.99986,-0.012865,-4.2397,-0.99676,0.009635,-0.079901,109.98,0,0,0,1
-0.086101,0.012893,0.9962,55.969,0.0072123,0.9999,-0.012317,-4.2597,-0.99626,0.0061243,-0.086185,109.92,0,0,0,1
-0.091519,0.011841,0.99573,56.645,0.0058572,0.99992,-0.011352,-4.2831,-0.99579,0.0047933,-0.091581,109.86,0,0,0,1
-0.096017,0.012279,0.9953,57.325,0.0042432,0.99992,-0.011926,-4.3053,-0.99537,0.0030782,-0.096061,109.79,0,0,0,1
-0.099999,0.011439,0.99492,58.013,0.0017298,0.99993,-0.011323,-4.324,-0.99499,0.00058879,-0.10001,109.72,0,0,0,1
-0.1028,0.0089492,0.99466,58.709,0.0021932,0.99996,-0.0087702,-4.3422,-0.9947,0.0012799,-0.10281,109.65,0,0,0,1
-0.10453,0.0055795,0.99451,59.419,0.0039601,0.99998,-0.0051939,-4.3604,-0.99451,0.0033954,-0.10455,109.58,0,0,0,1
-0.10634,0.0013417,0.99433,60.142,0.002969,0.99999,-0.0010318,-4.3771,-0.99433,0.0028424,-0.10635,109.5,0,0,0,1
-0.10785,0.001981,0.99417,60.868,0.002648,0.99999,-0.0017053,-4.391,-0.99416,0.0024486,-0.10785,109.43,0,0,0,1
-0.10858,0.0050649,0.99408,61.597,0.0040618,0.99998,-0.0046513,-4.4044,-0.99408,0.0035327,-0.10859,109.35,0,0,0,1
-0.10876,0.0093162,0.99402,62.329,0.0096399,0.99992,-0.0083167,-4.4203,-0.99402,0.0086778,-0.10884,109.27,0,0,0,1
-0.10933,0.013539,0.99391,63.07,0.017246,0.99978,-0.011722,-4.4381,-0.99386,0.01586,-0.10954,109.17,0,0,0,1
-0.11004,0.01596,0.9938,63.815,0.018756,0.99973,-0.013978,-4.4565,-0.99375,0.017102,-0.11031,109.09,0,0,0,1
-0.11063,0.01354,0.99377,64.563,0.016628,0.99979,-0.011771,-4.4769,-0.99372,0.015222,-0.11083,109.01,0,0,0,1
-0.11045,0.0077194,0.99385,65.316,0.015728,0.99986,-0.0060182,-4.4997,-0.99376,0.014967,-0.11055,108.93,0,0,0,1
-0.11055,0.0063443,0.99385,66.06,0.018484,0.99982,-0.0043264,-4.5799,-0.9937,0.017892,-0.11065,108.86,0,0,0,1
-0.11155,0.0057715,0.99374,66.806,0.018744,0.99982,-0.0037028,-4.7087,-0.99358,0.018214,-0.11163,108.79,0,0,0,1
-0.11331,0.0063598,0.99354,67.546,0.017314,0.99984,-0.0044254,-4.7896,-0.99341,0.016701,-0.11341,108.72,0,0,0,1
-0.1156,0.0074923,0.99327,68.286,0.01688,0.99984,-0.0055774,-4.8846,-0.99315,0.016122,-0.11571,108.65,0,0,0,1
-0.11777,0.0072547,0.99301,69.025,0.017586,0.99983,-0.005219,-4.9465,-0.99289,0.016848,-0.11787,108.57,0,0,0,1
-0.11959,0.0074083,0.9928,69.77,0.018375,0.99982,-0.0052473,-5.0198,-0.99265,0.017616,-0.1197,108.48,0,0,0,1
-0.12167,0.0071331,0.99254,70.519,0.017975,0.99983,-0.0049819,-5.0725,-0.99241,0.017235,-0.12178,108.4,0,0,0,1
-0.12341,0.0073769,0.99233,71.274,0.015593,0.99986,-0.0054937,-5.1258,-0.99223,0.014795,-0.12351,108.32,0,0,0,1
-0.12464,0.0087357,0.99216,72.028,0.015952,0.99985,-0.0067994,-5.1696,-0.99207,0.014979,-0.12477,108.23,0,0,0,1
-0.12538,0.0087699,0.99207,72.787,0.014359,0.99987,-0.0070241,-5.215,-0.992,0.013364,-0.12549,108.14,0,0,0,1
-0.12679,0.0093285,0.99189,73.552,0.014354,0.99987,-0.0075687,-5.251,-0.99183,0.013278,-0.12691,108.06,0,0,0,1
-0.12781,0.0077244,0.99177,74.323,0.014765,0.99987,-0.0058846,-5.2888,-0.99169,0.013892,-0.12791,107.97,0,0,0,1
-0.12894,0.0056711,0.99164,75.098,0.012608,0.99991,-0.0040792,-5.3223,-0.99157,0.011976,-0.129,107.87,0,0,0,1
-0.13064,0.0034939,0.99142,75.879,0.0095067,0.99995,-0.0022713,-5.3526,-0.99138,0.0091284,-0.13067,107.78,0,0,0,1
-0.13266,0.0026814,0.99116,76.664,0.010267,0.99995,-0.001331,-5.3836,-0.99111,0.0099992,-0.13268,107.68,0,0,0,1
-0.13447,0.003148,0.99091,77.454,0.011596,0.99993,-0.001603,-5.4076,-0.99085,0.011275,-0.1345,107.58,0,0,0,1
-0.13669,0.0040861,0.99061,78.249,0.01101,0.99994,-0.0026054,-5.4275,-0.99055,0.01055,-0.13673,107.48,0,0,0,1
-0.13836,0.0077565,0.99035,79.047,0.011803,0.99991,-0.0061824,-5.4492,-0.99031,0.010834,-0.13844,107.38,0,0,0,1
-0.13859,0.011986,0.99028,79.849,0.014317,0.99985,-0.010098,-5.474,-0.99025,0.012778,-0.13874,107.27,0,0,0,1
-0.13976,0.015725,0.99006,80.656,0.015675,0.99978,-0.013667,-5.4973,-0.99006,0.01361,-0.13997,107.16,0,0,0,1
-0.1395,0.016639,0.99008,81.474,0.01722,0.99975,-0.014376,-5.5231,-0.99007,0.015044,-0.13975,107.05,0,0,0,1
-0.13902,0.016336,0.99016,82.297,0.021334,0.99968,-0.013498,-5.5505,-0.99006,0.019247,-0.13932,106.93,0,0,0,1
-0.1388,0.014471,0.99021,83.128,0.021652,0.9997,-0.011575,-5.5782,-0.99008,0.019833,-0.13908,106.82,0,0,0,1
-0.13813,0.013012,0.99033,83.963,0.021223,0.99972,-0.010176,-5.6006,-0.99019,0.019612,-0.13836,106.72,0,0,0,1
-0.1364,0.010768,0.9906,84.802,0.019931,0.99977,-0.0081234,-5.6242,-0.99045,0.018636,-0.13658,106.61,0,0,0,1
-0.1347,0.0073308,0.99086,85.65,0.020693,0.99978,-0.0045837,-5.6452,-0.99067,0.019886,-0.13482,106.5,0,0,0,1
-0.13292,0.0039625,0.99112,86.499,0.021098,0.99978,-0.0011678,-5.6652,-0.9909,0.020755,-0.13297,106.39,0,0,0,1
-0.13119,0.0031942,0.99135,87.349,0.019488,0.99981,-0.00064267,-5.6899,-0.99117,0.019235,-0.13122,106.29,0,0,0,1
-0.12979,0.0070401,0.99152,88.196,0.0204,0.99978,-0.0044283,-5.7179,-0.99133,0.019652,-0.12991,106.18,0,0,0,1
-0.12768,0.013376,0.99172,89.043,0.020721,0.99973,-0.010816,-5.7425,-0.9916,0.019168,-0.12793,106.08,0,0,0,1
-0.12611,0.016936,0.99187,89.895,0.019463,0.9997,-0.014595,-5.7674,-0.99183,0.017464,-0.1264,105.98,0,0,0,1
-0.12437,0.014914,0.99212,90.756,0.0176,0.99976,-0.012822,-5.799,-0.99208,0.015867,-0.12461,105.88,0,0,0,1
-0.1235,0.011967,0.99227,91.622,0.017933,0.99979,-0.0098256,-5.8301,-0.99218,0.016581,-0.12368,105.78,0,0,0,1
-0.12286,0.010315,0.99237,92.487,0.018665,0.99979,-0.0080817,-5.8573,-0.99225,0.01753,-0.12303,105.67,0,0,0,1
-0.12215,0.010388,0.99246,93.347,0.018738,0.99979,-0.0081584,-5.8839,-0.99233,0.017601,-0.12232,105.57,0,0,0,1
-0.12173,0.0098818,0.99251,94.211,0.017541,0.99982,-0.0078032,-5.9109,-0.99241,0.01646,-0.12188,105.47,0,0,0,1
-0.12095,0.0088985,0.99262,95.074,0.020172,0.99978,-0.0065048,-5.9364,-0.99245,0.019237,-0.1211,105.37,0,0,0,1
-0.11984,0.0072719,0.99277,95.936,0.022342,0.99974,-0.0046259,-5.962,-0.99254,0.021626,-0.11998,105.27,0,0,0,1
-0.11904,0.008849,0.99285,96.791,0.025163,0.99967,-0.0058929,-5.9867,-0.99257,0.024281,-0.11922,105.17,0,0,0,1
-0.1183,0.011415,0.99291,97.646,0.025794,0.99963,-0.0084191,-6.0129,-0.99264,0.024615,-0.11855,105.07,0,0,0,1
-0.11746,0.012382,0.993,98.499,0.022924,0.99969,-0.0097532,-6.0382,-0.99281,0.021618,-0.11771,104.97,0,0,0,1
-0.11718,0.0090069,0.99307,99.352,0.018209,0.99981,-0.0069194,-6.0665,-0.99294,0.017272,-0.11732,104.88,0,0,0,1
-0.11722,0.0056904,0.99309,100.2,0.013057,0.99991,-0.0041883,-6.096,-0.99302,0.012476,-0.11728,104.79,0,0,0,1
-0.11837,0.0060413,0.99295,101.04,0.0097205,0.99994,-0.0049251,-6.1233,-0.99292,0.009069,-0.11842,104.7,0,0,0,1
-0.11973,0.010684,0.99275,101.88,0.0064465,0.99993,-0.0099835,-6.1487,-0.99279,0.0052044,-0.11979,104.61,0,0,0,1
-0.12048,0.01352,0.99262,102.71,0.0054675,0.9999,-0.012956,-6.1743,-0.9927,0.0038662,-0.12054,104.51,0,0,0,1
-0.12097,0.013929,0.99256,103.54,0.0063735,0.99989,-0.013255,-6.204,-0.99264,0.0047226,-0.12105,104.41,0,0,0,1
-0.12142,0.012988,0.99252,104.36,0.0075344,0.9999,-0.012163,-6.2359,-0.99257,0.0060012,-0.1215,104.31,0,0,0,1
-0.122,0.013592,0.99244,105.18,0.0086172,0.99988,-0.012635,-6.2671,-0.99249,0.0070105,-0.1221,104.22,0,0,0,1
-0.1225,0.01646,0.99233,105.99,0.0099493,0.99983,-0.015356,-6.2988,-0.99242,0.0079919,-0.12264,104.12,0,0,0,1
-0.12312,0.018191,0.99222,106.8,0.0096619,0.99981,-0.017131,-6.3312,-0.99234,0.0074775,-0.12327,104.02,0,0,0,1
-0.1243,0.018236,0.99208,107.6,0.0079727,0.99982,-0.017379,-6.3625,-0.99221,0.0057493,-0.12442,103.93,0,0,0,1
-0.12646,0.017494,0.99182,108.4,0.0062221,0.99984,-0.016842,-6.3963,-0.99195,0.0040413,-0.12654,103.83,0,0,0,1
-0.12961,0.017743,0.99141,109.19,0.0057531,0.99984,-0.017141,-6.4299,-0.99155,0.003482,-0.12969,103.73,0,0,0,1
-0.13273,0.020763,0.99093,109.98,0.0054711,0.99978,-0.020216,-6.4616,-0.99114,0.0027382,-0.13281,103.63,0,0,0,1
-0.13623,0.022248,0.99043,110.76,0.0043218,0.99975,-0.021863,-6.4932,-0.99067,0.0013021,-0.13629,103.53,0,0,0,1
-0.13938,0.022115,0.98999,111.53,0.0040172,0.99975,-0.021768,-6.526,-0.99023,0.00094295,-0.13944,103.43,0,0,0,1
-0.14227,0.020442,0.98962,112.31,0.0052164,0.99979,-0.019902,-6.5581,-0.98981,0.0023306,-0.14235,103.32,0,0,0,1
-0.14481,0.021285,0.98923,113.08,0.0070131,0.99977,-0.020485,-6.5888,-0.98943,0.0039711,-0.14492,103.21,0,0,0,1
-0.14691,0.025694,0.98882,113.84,0.0025536,0.99967,-0.025597,-6.6254,-0.98915,-0.0012355,-0.14693,103.11,0,0,0,1
-0.14881,0.031764,0.98836,114.6,-0.00040004,0.99948,-0.032181,-6.6644,-0.98887,-0.0051841,-0.14872,103,0,0,0,1
-0.15135,0.036162,0.98782,115.36,0.0037807,0.99934,-0.036005,-6.6989,-0.98847,-0.0017147,-0.15139,102.89,0,0,0,1
-0.154,0.034248,0.98748,116.12,0.0060696,0.99941,-0.033715,-6.7325,-0.98805,0.00080146,-0.15412,102.77,0,0,0,1
-0.15753,0.026123,0.98717,116.88,0.0046817,0.99966,-0.025706,-6.7726,-0.9875,0.00057206,-0.1576,102.65,0,0,0,1
-0.1598,0.023297,0.98688,117.64,0.0030794,0.99973,-0.023102,-6.8123,-0.98715,-0.00065254,-0.15982,102.53,0,0,0,1
-0.16136,0.027135,0.98652,118.39,0.0031278,0.99963,-0.026983,-6.8481,-0.98689,-0.0012684,-0.16138,102.41,0,0,0,1
-0.164,0.030015,0.986,119.13,0.00049117,0.99954,-0.030345,-6.8802,-0.98646,-0.0044923,-0.16394,102.29,0,0,0,1
-0.16659,0.032603,0.98549,119.87,-0.00038158,0.99945,-0.03313,-6.9167,-0.98603,-0.0058951,-0.16648,102.18,0,0,0,1
-0.16855,0.036191,0.98503,120.61,0.0030867,0.99934,-0.036188,-6.9551,-0.98569,-0.0030592,-0.16855,102.05,0,0,0,1
-0.17036,0.040838,0.98454,121.35,0.003882,0.99916,-0.040773,-6.994,-0.98537,-0.003124,-0.17038,101.93,0,0,0,1
-0.17345,0.043687,0.98387,122.08,0.0030649,0.99903,-0.04382,-7.0316,-0.98484,-0.004585,-0.17342,101.81,0,0,0,1
-0.17563,0.041096,0.9836,122.81,0.0034013,0.99915,-0.041138,-7.0739,-0.98445,-0.0038798,-0.17562,101.68,0,0,0,1
-0.17951,0.037306,0.98305,123.55,0.007378,0.9993,-0.036576,-7.1161,-0.98373,0.0006873,-0.17966,101.55,0,0,0,1
-0.18493,0.035861,0.9821,124.27,0.010001,0.99935,-0.034608,-7.1574,-0.9827,0.0034217,-0.18517,101.41,0,0,0,1
-0.1911,0.034729,0.98096,125,0.0089037,0.99939,-0.033647,-7.1987,-0.98153,0.0023041,-0.1913,101.27,0,0,0,1
-0.19936,0.034417,0.97932,125.71,0.0076234,0.99941,-0.033571,-7.2378,-0.9799,0.00077284,-0.19951,101.13,0,0,0,1
-0.20974,0.034904,0.97713,126.42,0.0067313,0.99939,-0.034254,-7.2773,-0.97773,-0.00060725,-0.20985,100.98,0,0,0,1
-0.22152,0.036056,0.97449,127.13,0.0073928,0.99935,-0.035295,-7.316,-0.97513,-0.0006146,-0.22165,100.81,0,0,0,1
-0.23383,0.036463,0.97159,127.84,0.0080661,0.99933,-0.035563,-7.3543,-0.97224,-0.00047889,-0.23397,100.64,0,0,0,1
-0.24555,0.036807,0.96868,128.54,0.010953,0.99932,-0.035195,-7.3916,-0.96932,0.0019675,-0.24579,100.46,0,0,0,1
-0.25661,0.036794,0.96581,129.23,0.014138,0.99931,-0.034313,-7.4289,-0.96641,0.0048491,-0.25696,100.26,0,0,0,1
-0.2668,0.036813,0.96305,129.93,0.018162,0.99928,-0.033166,-7.4645,-0.96358,0.0086425,-0.26728,100.07,0,0,0,1
-0.27563,0.037655,0.96053,130.62,0.023816,0.99919,-0.032337,-7.5013,-0.96097,0.013963,-0.27631,99.857,0,0,0,1
-0.28323,0.037706,0.95831,131.3,0.029163,0.9991,-0.030692,-7.5357,-0.95861,0.019254,-0.28408,99.642,0,0,0,1
-0.28979,0.037615,0.95635,131.99,0.029494,0.9991,-0.030359,-7.5715,-0.95663,0.019409,-0.29064,99.432,0,0,0,1
-0.29449,0.036189,0.95497,132.67,0.032892,0.99907,-0.027717,-7.603,-0.95509,0.023249,-0.2954,99.216,0,0,0,1
-0.29663,0.03359,0.9544,133.34,0.03924,0.99897,-0.022963,-7.6339,-0.95419,0.030639,-0.29764,98.993,0,0,0,1
-0.29752,0.032718,0.95415,134.02,0.045906,0.99875,-0.019933,-7.666,-0.95361,0.037871,-0.29865,98.768,0,0,0,1
-0.29859,0.029944,0.95391,134.69,0.047209,0.99875,-0.016575,-7.6968,-0.95321,0.040084,-0.29963,98.554,0,0,0,1
-0.29834,0.03543,0.9538,135.35,0.050609,0.99849,-0.02126,-7.7251,-0.95312,0.041929,-0.29968,98.341,0,0,0,1
-0.29683,0.03905,0.95413,136,0.050587,0.9984,-0.025124,-7.7527,-0.95359,0.040809,-0.29834,98.135,0,0,0,1
-0.29613,0.039457,0.95433,136.66,0.052512,0.99831,-0.02498,-7.7814,-0.9537,0.042717,-0.2977,97.927,0,0,0,1
-0.2943,0.038057,0.95495,137.32,0.05416,0.99827,-0.023092,-7.8096,-0.95418,0.044924,-0.29585,97.718,0,0,0,1
-0.29236,0.034488,0.95569,137.97,0.055608,0.99827,-0.019014,-7.8446,-0.95469,0.047585,-0.29378,97.512,0,0,0,1
-0.2908,0.035236,0.95613,138.61,0.056999,0.99818,-0.019449,-7.8767,-0.95508,0.048843,-0.29228,97.314,0,0,0,1
-0.28844,0.037954,0.95675,139.24,0.058035,0.99807,-0.022097,-7.9046,-0.95574,0.049151,-0.29008,97.12,0,0,0,1
-0.28419,0.03956,0.95795,139.87,0.059611,0.99794,-0.023527,-7.9347,-0.95691,0.050418,-0.28596,96.927,0,0,0,1
-0.27887,0.038913,0.95954,140.5,0.061146,0.99787,-0.022697,-7.9654,-0.95838,0.052342,-0.28066,96.739,0,0,0,1
-0.27326,0.036962,0.96123,141.13,0.06247,0.99783,-0.020611,-7.9979,-0.95991,0.054416,-0.27497,96.555,0,0,0,1
-0.26847,0.034988,0.96265,141.75,0.062442,0.99787,-0.018854,-8.0294,-0.96126,0.055048,-0.27008,96.377,0,0,0,1
-0.26437,0.03405,0.96382,142.37,0.062348,0.99789,-0.018153,-8.0604,-0.9624,0.055293,-0.26593,96.204,0,0,0,1
-0.26043,0.032752,0.96494,142.98,0.063308,0.99785,-0.016783,-8.0872,-0.96341,0.056717,-0.26195,96.034,0,0,0,1
-0.25654,0.030898,0.96604,143.59,0.065961,0.99772,-0.014395,-8.1124,-0.96428,0.060028,-0.25799,95.864,0,0,0,1
-0.25243,0.030075,0.96715,144.2,0.069255,0.99752,-0.012943,-8.1363,-0.96513,0.063712,-0.25388,95.696,0,0,0,1
-0.24912,0.028043,0.96807,144.8,0.067368,0.99766,-0.011564,-8.1659,-0.96613,0.062336,-0.25043,95.539,0,0,0,1
-0.24554,0.028578,0.96897,145.39,0.064369,0.99784,-0.013119,-8.1942,-0.96725,0.05915,-0.24685,95.391,0,0,0,1
-0.24086,0.031925,0.97003,145.98,0.065196,0.99773,-0.016648,-8.2217,-0.96837,0.059232,-0.2424,95.244,0,0,0,1
-0.23514,0.035589,0.97131,146.56,0.067564,0.99751,-0.020193,-8.2465,-0.96961,0.060877,-0.23696,95.099,0,0,0,1
-0.22859,0.036606,0.97283,147.14,0.066854,0.99752,-0.021826,-8.2731,-0.97122,0.060048,-0.23048,94.965,0,0,0,1
-0.22022,0.034753,0.97483,147.73,0.063484,0.99776,-0.021229,-8.3018,-0.97338,0.057212,-0.22194,94.842,0,0,0,1
-0.20973,0.032836,0.97721,148.3,0.06249,0.99784,-0.020118,-8.3308,-0.97576,0.056847,-0.21132,94.718,0,0,0,1
-0.19717,0.031706,0.97986,148.88,0.063745,0.99778,-0.019459,-8.3573,-0.9783,0.058625,-0.19875,94.602,0,0,0,1
-0.18398,0.030089,0.98247,149.45,0.063538,0.9978,-0.018661,-8.3843,-0.98087,0.058991,-0.18549,94.498,0,0,0,1
-0.16861,0.029472,0.98524,150.02,0.062818,0.99784,-0.019099,-8.412,-0.98368,0.05867,-0.1701,94.404,0,0,0,1
-0.15022,0.028483,0.98824,150.59,0.061988,0.99789,-0.019338,-8.4383,-0.98671,0.058354,-0.15166,94.325,0,0,0,1
-0.12924,0.02756,0.99123,151.16,0.061321,0.99792,-0.019751,-8.4639,-0.98972,0.058231,-0.13066,94.251,0,0,0,1
-0.10699,0.027345,0.99388,151.73,0.058166,0.99808,-0.021199,-8.4915,-0.99256,0.055542,-0.10837,94.2,0,0,0,1
-0.084956,0.028138,0.99599,152.29,0.05238,0.99835,-0.023737,-8.5226,-0.99501,0.050153,-0.086289,94.165,0,0,0,1
-0.06359,0.029256,0.99755,152.85,0.046499,0.99857,-0.026322,-8.5515,-0.99689,0.044711,-0.06486,94.142,0,0,0,1
-0.044055,0.03008,0.99858,153.41,0.040185,0.99879,-0.028313,-8.5799,-0.99822,0.038881,-0.045211,94.13,0,0,0,1
-0.028291,0.02965,0.99916,153.97,0.033281,0.99903,-0.028703,-8.6073,-0.99905,0.032441,-0.02925,94.128,0,0,0,1
-0.018392,0.027826,0.99944,154.53,0.024756,0.99932,-0.027367,-8.6359,-0.99952,0.024239,-0.019068,94.133,0,0,0,1
-0.01509,0.02534,0.99957,155.09,0.016629,0.99955,-0.025088,-8.6635,-0.99975,0.016243,-0.015504,94.139,0,0,0,1
-0.021094,0.021899,0.99954,155.65,0.009132,0.99972,-0.02171,-8.6883,-0.99974,0.0086698,-0.021288,94.138,0,0,0,1
