1,-1.1976e-11,-1.7046e-10,1.1976e-11,1,-3.5625e-10,1.7046e-10,3.5625e-10,1
1,0.00071968,-0.00068709,-0.00071977,1,-0.00012956,0.00068699,0.00013006,1
1,0.0014309,-0.0013663,-0.0014312,1,-0.00025762,0.0013659,0.00025957,1
1,0.0021456,-0.002049,-0.0021464,1,-0.00038635,0.0020482,0.00039074,1
0.99999,0.0028603,-0.0027319,-0.0028617,1,-0.00051509,0.0027305,0.00052291,1
0.99999,0.0035768,-0.0034167,-0.003579,0.99999,-0.00064419,0.0034144,0.00065641,0.99999
0.99998,0.0042904,-0.004099,-0.0042936,0.99999,-0.00077279,0.0040956,0.00079037,0.99999
0.99998,0.0050051,-0.0047824,-0.0050094,0.99999,-0.00090161,0.0047779,0.00092555,0.99999
0.99997,0.0057188,-0.0054652,-0.0057245,0.99998,-0.0010303,0.0054592,0.0010615,0.99998
0.99996,0.0064324,-0.006148,-0.0064396,0.99998,-0.001159,0.0061405,0.0011985,0.99998
0.99995,0.0071458,-0.0068309,-0.0071547,0.99997,-0.0012877,0.0068215,0.0013365,0.99998
0.99994,0.0078593,-0.007514,-0.0078701,0.99997,-0.0014164,0.0075027,0.0014755,0.99997
0.99993,0.0084359,-0.0081632,-0.0084486,0.99996,-0.0015206,0.0081501,0.0015895,0.99997
0.99991,0.010215,-0.0091103,-0.010232,0.99995,-0.0018401,0.009091,0.0019331,0.99996
0.9999,0.0099427,-0.0095591,-0.0099602,0.99995,-0.0017825,0.0095409,0.0018776,0.99995
0.9999,0.0093739,-0.010151,-0.0093891,0.99995,-0.0014535,0.010137,0.0015487,0.99995
0.9999,0.009037,-0.010638,-0.0090487,0.99996,-0.0010516,0.010628,0.0011477,0.99994
0.99989,0.0092701,-0.011333,-0.0092931,0.99995,-0.0019718,0.011314,0.002077,0.99993
0.99989,0.0090071,-0.011828,-0.0090433,0.99995,-0.0030119,0.0118,0.0031185,0.99993
0.99987,0.0096133,-0.012639,-0.0096445,0.99995,-0.0024105,0.012615,0.0025321,0.99992
0.99986,0.0098496,-0.013361,-0.0098808,0.99995,-0.0022771,0.013338,0.0024088,0.99991
0.99985,0.0098523,-0.014275,-0.0098967,0.99995,-0.0030423,0.014244,0.0031831,0.99989
0.99983,0.010115,-0.015105,-0.010157,0.99994,-0.0027032,0.015077,0.0028562,0.99988
0.99983,0.009255,-0.015808,-0.0092646,0.99996,-0.00053448,0.015803,0.00068085,0.99987
0.99982,0.0086113,-0.016705,-0.0086179,0.99996,-0.00032768,0.016702,0.00047159,0.99986
0.99981,0.0079849,-0.01752,-0.008016,0.99997,-0.0017041,0.017505,0.0018443,0.99985
0.9998,0.0074613,-0.01851,-0.0075089,0.99997,-0.0025037,0.018491,0.0026422,0.99983
0.99978,0.0078725,-0.019259,-0.0079222,0.99997,-0.0025057,0.019239,0.0026578,0.99981
0.99977,0.007404,-0.019917,-0.0074443,0.99997,-0.0019505,0.019902,0.0020983,0.9998
0.99976,0.0071595,-0.020562,-0.0071957,0.99997,-0.0016892,0.020549,0.0018367,0.99979
0.99976,0.0064027,-0.021055,-0.0064381,0.99998,-0.0016133,0.021044,0.0017485,0.99978
0.99974,0.0064694,-0.021649,-0.0065058,0.99998,-0.0016145,0.021638,0.0017549,0.99976
0.99975,0.0055957,-0.02185,-0.0056214,0.99998,-0.0011166,0.021843,0.0012391,0.99976
0.99975,0.0057301,-0.021758,-0.0057295,0.99998,8.8512e-05,0.021758,3.617e-05,0.99976
0.99975,0.0062008,-0.021606,-0.00618,0.99998,0.0010315,0.021612,-0.00089769,0.99977
0.99974,0.0069942,-0.021554,-0.0069825,0.99998,0.00061566,0.021558,-0.000465,0.99977
0.99974,0.0078224,-0.02145,-0.007813,0.99997,0.00052056,0.021453,-0.00035284,0.99977
0.99972,0.010798,-0.020977,-0.010758,0.99994,0.0020234,0.020997,-0.0017971,0.99978
0.99975,0.011074,-0.019367,-0.010976,0.99993,0.0051414,0.019423,-0.0049276,0.9998
0.99978,0.011637,-0.017606,-0.0115,0.9999,0.0078716,0.017696,-0.0076674,0.99981
0.9998,0.01192,-0.015821,-0.011744,0.99987,0.011163,0.015952,-0.010975,0.99981
0.99983,0.011607,-0.014513,-0.011415,0.99985,0.013268,0.014665,-0.0131,0.99981
0.99987,0.0099231,-0.013056,-0.0097727,0.99989,0.011538,0.013169,-0.011409,0.99985
0.99987,0.010398,-0.011998,-0.010288,0.9999,0.0092233,0.012093,-0.0090987,0.99989
0.99987,0.011547,-0.011184,-0.011447,0.99989,0.0090403,0.011287,-0.0089111,0.9999
0.99988,0.010573,-0.011143,-0.010478,0.99991,0.0085746,0.011233,-0.0084568,0.9999
0.99988,0.0099049,-0.011884,-0.0098119,0.99992,0.0078614,0.011961,-0.0077439,0.9999
0.99986,0.010072,-0.01342,-0.0099677,0.99992,0.007815,0.013497,-0.0076802,0.99988
0.99984,0.010097,-0.014945,-0.0099582,0.99991,0.0093398,0.015038,-0.0091894,0.99984
0.99982,0.010094,-0.015909,-0.0099401,0.9999,0.0097245,0.016006,-0.0095647,0.99983
0.9998,0.011053,-0.016745,-0.010895,0.9999,0.0094699,0.016848,-0.0092856,0.99981
0.99978,0.011445,-0.017458,-0.011283,0.99989,0.0093526,0.017563,-0.0091536,0.9998
0.99979,0.010801,-0.017632,-0.010647,0.9999,0.0088007,0.017726,-0.0086111,0.99981
0.9998,0.0095089,-0.017851,-0.0093705,0.99993,0.0078189,0.017924,-0.0076501,0.99981
0.99979,0.0090884,-0.018201,-0.0089303,0.99992,0.0087522,0.018279,-0.0085879,0.9998
0.99979,0.0090831,-0.018429,-0.0088824,0.9999,0.01094,0.018526,-0.010774,0.99977
0.99978,0.009524,-0.018729,-0.0093473,0.99991,0.0094964,0.018818,-0.0093193,0.99978
0.99976,0.011034,-0.018802,-0.010888,0.99991,0.0078131,0.018887,-0.0076065,0.99979
0.99973,0.013196,-0.018879,-0.013047,0.99988,0.0079787,0.018982,-0.0077302,0.99979
0.99971,0.015004,-0.018812,-0.014852,0.99986,0.008237,0.018933,-0.0079552,0.99979
0.99969,0.016657,-0.018598,-0.016497,0.99983,0.0087138,0.01874,-0.0084042,0.99979
0.9997,0.017065,-0.017624,-0.016897,0.99981,0.0096377,0.017785,-0.009337,0.9998
0.9997,0.018731,-0.015552,-0.018574,0.99978,0.010214,0.01574,-0.0099225,0.99983
0.99975,0.018143,-0.012913,-0.018022,0.99979,0.0094303,0.013082,-0.0091953,0.99987
0.99984,0.014638,-0.010625,-0.014598,0.99989,0.0038809,0.010681,-0.0037252,0.99994
0.99985,0.015193,-0.0081859,-0.015176,0.99988,0.0021696,0.0082179,-0.002045,0.99996
0.99988,0.014502,-0.0052576,-0.014471,0.99988,0.0060339,0.0053445,-0.0059571,0.99997
0.99989,0.014593,-0.0019338,-0.014577,0.99986,0.0079624,0.0020498,-0.0079333,0.99997
0.99989,0.015025,0.0020516,-0.015036,0.99987,0.0057129,-0.0019655,-0.0057431,0.99998
0.99988,0.014134,0.0055033,-0.014151,0.99989,0.003139,-0.0054583,-0.0032165,0.99998
0.99988,0.012729,0.0088633,-0.012723,0.99992,-0.00073944,-0.008872,0.00062658,0.99996
0.99986,0.011874,0.012145,-0.011852,0.99993,-0.0018333,-0.012166,0.0016891,0.99992
0.99981,0.011676,0.015782,-0.011679,0.99993,6.5282e-05,-0.01578,-0.00024958,0.99988
0.99973,0.012771,0.01962,-0.012792,0.99992,0.00096048,-0.019606,-0.0012112,0.99981
0.99965,0.012444,0.023284,-0.012416,0.99992,-0.0013572,-0.023299,0.0010676,0.99973
0.99957,0.012125,0.02656,-0.012024,0.99992,-0.0039357,-0.026606,0.0036147,0.99964
0.99948,0.012213,0.029818,-0.012089,0.99992,-0.0043368,-0.029869,0.0039741,0.99955
0.99941,0.010864,0.032693,-0.010768,0.99994,-0.0031087,-0.032725,0.0027548,0.99946
0.99932,0.010109,0.03549,-0.010051,0.99995,-0.0017876,-0.035506,0.0014296,0.99937
0.99923,0.0092879,0.038244,-0.0092973,0.99996,6.9487e-05,-0.038242,-0.000425,0.99927
0.99914,0.0081576,0.040694,-0.0082145,0.99997,0.001233,-0.040682,-0.0015662,0.99917
0.99905,0.0068632,0.042962,-0.00683,0.99998,-0.00091925,-0.042967,0.00062495,0.99908
0.99897,0.0053985,0.045154,-0.0052013,0.99998,-0.0044828,-0.045177,0.0042433,0.99897
0.99887,0.0057487,0.047208,-0.0053941,0.99996,-0.0076349,-0.04725,0.0073717,0.99886
0.99879,0.0058949,0.04883,-0.0054781,0.99995,-0.0086642,-0.048879,0.0083863,0.99877
0.99876,0.0059543,0.049436,-0.005563,0.99995,-0.0080487,-0.049482,0.0077637,0.99874
0.99879,0.0061514,0.048691,-0.0058642,0.99996,-0.0060398,-0.048726,0.005747,0.9988
0.99886,0.005468,0.047327,-0.0052653,0.99998,-0.0044069,-0.04735,0.0041527,0.99887
0.99896,0.0057484,0.045328,-0.0055837,0.99998,-0.0037595,-0.045349,0.0035025,0.99897
0.99906,0.0058956,0.042871,-0.0057653,0.99998,-0.003162,-0.042888,0.0029119,0.99908
0.99919,0.0063772,0.039767,-0.0062559,0.99998,-0.003173,-0.039786,0.0029217,0.9992
0.99932,0.0078352,0.036008,-0.0077149,0.99996,-0.0034804,-0.036034,0.0032003,0.99935
0.99945,0.0079754,0.0321,-0.0078745,0.99996,-0.0032691,-0.032124,0.0030146,0.99948
0.99957,0.0086223,0.028059,-0.0085656,0.99996,-0.002141,-0.028076,0.0018998,0.9996
0.99968,0.008809,0.023739,-0.0087806,0.99996,-0.0012993,-0.023749,0.0010905,0.99972
0.99977,0.008964,0.019291,-0.0089555,0.99996,-0.00052918,-0.019295,0.0003563,0.99981
0.99985,0.0093475,0.014502,-0.0093439,0.99996,-0.00031094,-0.014504,0.00017539,0.99989
0.9999,0.010178,0.0095633,-0.010176,0.99995,-0.00027186,-0.0095656,0.00017452,0.99995
0.99993,0.010694,0.0046037,-0.010691,0.99994,-0.00052594,-0.0046091,0.00047669,0.99999
0.99993,0.01158,-4.9267e-05,-0.01158,0.99993,-0.0010838,3.6714e-05,0.0010843,1
0.9999,0.013415,-0.003741,-0.01342,0.99991,-0.0013563,0.0037225,0.0014064,0.99999
0.99986,0.01576,-0.0058586,-0.015767,0.99988,-0.0011373,0.0058399,0.0012295,0.99998
0.99984,0.016711,-0.0068286,-0.016721,0.99986,-0.0014092,0.0068041,0.0015232,0.99998
0.99979,0.018842,-0.0079076,-0.018851,0.99982,-0.00097937,0.0078877,0.0011282,0.99997
0.99976,0.020256,-0.0088989,-0.020255,0.99979,0.00020431,0.0089012,-2.4008e-05,0.99996
0.99975,0.020295,-0.0096543,-0.020294,0.99979,0.000181,0.009656,1.4969e-05,0.99995
0.99967,0.023568,-0.010493,-0.02355,0.99972,0.0018947,0.010535,-0.001647,0.99994
0.99962,0.025202,-0.011066,-0.025149,0.99967,0.004831,0.011184,-0.0045508,0.99993
0.99964,0.024177,-0.011842,-0.024115,0.99969,0.005347,0.011967,-0.0050595,0.99992
0.99964,0.023881,-0.012385,-0.02384,0.99971,0.0034434,0.012464,-0.0031469,0.99992
0.99969,0.021164,-0.013117,-0.021111,0.99977,0.0041478,0.013202,-0.0038696,0.99991
0.99972,0.018818,-0.014139,-0.018733,0.99981,0.0060887,0.014251,-0.0058221,0.99988
0.99977,0.016033,-0.014447,-0.01592,0.99984,0.0079419,0.014572,-0.0077101,0.99986
0.99979,0.014276,-0.014765,-0.014133,0.99985,0.009779,0.014903,-0.0095683,0.99984
0.99984,0.0098952,-0.014709,-0.0097813,0.99992,0.0077913,0.014785,-0.0076462,0.99986
0.99986,0.0072315,-0.014754,-0.0071424,0.99996,0.0060793,0.014798,-0.0059731,0.99987
0.99988,0.0056446,-0.014577,-0.005557,0.99997,0.0060408,0.014611,-0.005959,0.99988
0.99988,0.0055982,-0.014306,-0.0055063,0.99996,0.0064566,0.014341,-0.006377,0.99988
0.99989,0.0059711,-0.013603,-0.0058595,0.99995,0.0082326,0.013651,-0.008152,0.99987
0.99988,0.008592,-0.012894,-0.0084635,0.99991,0.0099868,0.012978,-0.0098765,0.99987
0.99989,0.0086606,-0.012319,-0.0085478,0.99992,0.0091828,0.012397,-0.0090764,0.99988
0.99989,0.0089543,-0.011912,-0.0088764,0.99994,0.0065717,0.01197,-0.0064653,0.99991
0.99989,0.0091051,-0.011494,-0.0090539,0.99995,0.0044996,0.011535,-0.0043951,0.99992
0.99991,0.0078125,-0.011258,-0.0078088,0.99997,0.00037256,0.011261,-0.00028461,0.99994
0.99991,0.0078912,-0.010759,-0.0079252,0.99996,-0.0031198,0.010734,0.0032048,0.99994
0.99991,0.0076435,-0.010591,-0.0076888,0.99996,-0.0042443,0.010558,0.0043253,0.99993
0.99992,0.0074707,-0.010681,-0.0075122,0.99996,-0.0038582,0.010652,0.0039381,0.99994
0.99991,0.0081172,-0.010647,-0.008155,0.99996,-0.0035087,0.010618,0.0035952,0.99994
0.9999,0.0089323,-0.01089,-0.0089577,0.99996,-0.0022877,0.010869,0.002385,0.99994
0.99989,0.0094033,-0.011142,-0.0094231,0.99995,-0.0017174,0.011125,0.0018222,0.99994
0.99988,0.0096713,-0.011684,-0.0096949,0.99995,-0.0019652,0.011664,0.0020782,0.99993
0.99987,0.0099921,-0.012322,-0.010015,0.99995,-0.0017853,0.012304,0.0019085,0.99992
0.99987,0.0094371,-0.013005,-0.0094467,0.99996,-0.00068097,0.012998,0.00080373,0.99992
0.99985,0.010308,-0.013665,-0.010314,0.99995,-0.0003643,0.01366,0.00050518,0.99991
0.99984,0.010592,-0.014277,-0.010612,0.99994,-0.0012964,0.014263,0.0014477,0.9999
0.99983,0.011036,-0.015101,-0.011074,0.99994,-0.0023877,0.015074,0.0025545,0.99988
0.99981,0.011875,-0.015716,-0.011913,0.99993,-0.0023666,0.015687,0.0025534,0.99987
0.9998,0.011556,-0.016376,-0.011608,0.99993,-0.0030442,0.01634,0.0032337,0.99986
0.99978,0.011811,-0.017189,-0.011886,0.99992,-0.0042395,0.017138,0.0044429,0.99984
0.99977,0.011987,-0.017807,-0.012061,0.99992,-0.0040748,0.017756,0.0042887,0.99983
0.99975,0.012336,-0.018524,-0.012387,0.99992,-0.0026451,0.01849,0.0028739,0.99982
0.99974,0.01241,-0.019265,-0.012454,0.99992,-0.0021722,0.019236,0.0024115,0.99981
0.99972,0.012773,-0.019905,-0.012813,0.99992,-0.0018648,0.019879,0.0021193,0.9998
0.9997,0.013211,-0.020625,-0.013244,0.99991,-0.0014988,0.020603,0.0017715,0.99979
0.99968,0.01342,-0.021229,-0.013471,0.99991,-0.0022716,0.021197,0.0025569,0.99977
0.99966,0.014451,-0.021672,-0.014518,0.99989,-0.0029364,0.021627,0.00325,0.99976
0.99965,0.014653,-0.022078,-0.01471,0.99989,-0.0024189,0.02204,0.0027428,0.99975
0.99964,0.014574,-0.022419,-0.014652,0.99989,-0.0033175,0.022368,0.0036447,0.99974
0.99966,0.013258,-0.022501,-0.013378,0.9999,-0.0052074,0.022429,0.0055067,0.99973
0.99969,0.010306,-0.022777,-0.01042,0.99993,-0.0048738,0.022725,0.0051096,0.99973
0.99968,0.010249,-0.023069,-0.010289,0.99995,-0.001635,0.023051,0.0018718,0.99973
0.99968,0.010029,-0.023163,-0.0099502,0.99994,0.0035209,0.023197,-0.0032893,0.99973
0.99967,0.010363,-0.023361,-0.010301,0.99994,0.0027576,0.023388,-0.0025161,0.99972
0.99966,0.012019,-0.023115,-0.01203,0.99993,-0.00032171,0.02311,0.00059967,0.99973
0.99965,0.012304,-0.023417,-0.012367,0.99992,-0.0025345,0.023384,0.0028232,0.99972
0.99965,0.011883,-0.02359,-0.011944,0.99993,-0.002449,0.023559,0.0027299,0.99972
0.99965,0.011928,-0.023508,-0.01195,0.99993,-0.00080374,0.023497,0.0010844,0.99972
0.99966,0.012029,-0.023344,-0.012005,0.99993,0.0011896,0.023356,-0.00090898,0.99973
0.99968,0.011435,-0.02273,-0.01139,0.99993,0.0021377,0.022752,-0.0018781,0.99974
0.99971,0.01147,-0.021396,-0.011437,0.99993,0.001663,0.021413,-0.0014178,0.99977
0.99975,0.01008,-0.020023,-0.010083,0.99995,-4.3034e-05,0.020021,0.0002449,0.9998
0.99977,0.010028,-0.018774,-0.010057,0.99995,-0.0014738,0.018759,0.0016623,0.99982
0.99981,0.00913,-0.017421,-0.0091714,0.99996,-0.0022943,0.017399,0.0024536,0.99985
0.99983,0.0092654,-0.016177,-0.0092897,0.99996,-0.0014305,0.016163,0.0015805,0.99987
0.99985,0.0089548,-0.014784,-0.0089472,0.99996,0.00057915,0.014789,-0.00044678,0.99989
0.99986,0.0096548,-0.013622,-0.0096421,0.99995,0.00099652,0.013631,-0.00086504,0.99991
0.99988,0.0094457,-0.012535,-0.0094364,0.99996,0.00080384,0.012542,-0.00068546,0.99992
0.99989,0.0098298,-0.011541,-0.0098177,0.99995,0.0011046,0.011551,-0.00099115,0.99993
0.99989,0.01009,-0.01042,-0.010075,0.99995,0.0015228,0.010435,-0.0014176,0.99994
0.9999,0.010078,-0.0096529,-0.010067,0.99995,0.0011803,0.0096643,-0.001083,0.99995
0.99991,0.010124,-0.0087548,-0.010113,0.99995,0.0012872,0.0087674,-0.0011985,0.99996
0.99993,0.0089424,-0.0081921,-0.0089309,0.99996,0.0014499,0.0082047,-0.0013766,0.99997
0.99993,0.008776,-0.0079727,-0.0087601,0.99996,0.0020353,0.0079903,-0.0019653,0.99997
0.99993,0.0083009,-0.008283,-0.0082728,0.99996,0.0034181,0.008311,-0.0033494,0.99996
0.99992,0.0085436,-0.0089726,-0.0085135,0.99996,0.0033868,0.0090012,-0.0033102,0.99995
0.99992,0.0088232,-0.0093466,-0.0088011,0.99996,0.0024045,0.0093674,-0.0023221,0.99995
0.99991,0.0091296,-0.0097853,-0.0091152,0.99996,0.0015136,0.0097987,-0.0014242,0.99995
0.99991,0.0090647,-0.010345,-0.0090515,0.99996,0.0013221,0.010356,-0.0012283,0.99995
0.9999,0.0085105,-0.011461,-0.008495,0.99996,0.0013982,0.011472,-0.0013007,0.99993
0.99988,0.0081292,-0.013047,-0.0081018,0.99996,0.0021546,0.013064,-0.0020486,0.99991
0.99986,0.007076,-0.015012,-0.0070225,0.99997,0.0036138,0.015037,-0.0035079,0.99988
0.99983,0.0073053,-0.017215,-0.0072067,0.99996,0.0057825,0.017256,-0.0056574,0.99984
0.99978,0.0075158,-0.019455,-0.007402,0.99996,0.0059148,0.019499,-0.0057695,0.99979
0.99972,0.0078884,-0.022139,-0.007773,0.99996,0.0052943,0.02218,-0.0051207,0.99974
0.99966,0.0079666,-0.024872,-0.0078358,0.99995,0.0053498,0.024913,-0.0051531,0.99968
0.99958,0.0085377,-0.027723,-0.0083736,0.99995,0.0060289,0.027773,-0.0057942,0.9996
0.99949,0.0088948,-0.030709,-0.0087137,0.99994,0.0060286,0.030761,-0.005758,0.99951
0.99939,0.0088401,-0.033772,-0.0086639,0.99995,0.005361,0.033818,-0.0050651,0.99942
0.99928,0.0086326,-0.037003,-0.0084565,0.99995,0.0049125,0.037044,-0.004596,0.9993
0.99915,0.00983,-0.040111,-0.0096479,0.99994,0.0047311,0.040155,-0.0043401,0.99918
0.99902,0.010114,-0.043111,-0.0099561,0.99994,0.0038832,0.043147,-0.0034501,0.99906
0.99889,0.012049,-0.045469,-0.011879,0.99992,0.0040208,0.045513,-0.0034762,0.99896
0.99885,0.012854,-0.046288,-0.012673,0.99991,0.0042133,0.046338,-0.0036219,0.99892
0.99885,0.012918,-0.046067,-0.012684,0.99991,0.0053764,0.046132,-0.004786,0.99892
0.99888,0.013013,-0.04556,-0.012743,0.9999,0.0062109,0.045637,-0.0056234,0.99894
0.99889,0.01281,-0.045251,-0.012567,0.99991,0.0056456,0.045319,-0.0050707,0.99896
0.9989,0.013277,-0.044932,-0.013123,0.99991,0.0037187,0.044977,-0.003125,0.99898
0.99894,0.013291,-0.044109,-0.013236,0.99991,0.001535,0.044125,-0.00094957,0.99903
0.99899,0.013313,-0.042985,-0.013318,0.99991,0.00017263,0.042984,0.00040002,0.99908
0.99904,0.014038,-0.041512,-0.014062,0.9999,-0.00030482,0.041504,0.00088829,0.99914
0.99912,0.01347,-0.039817,-0.013503,0.99991,-0.0005659,0.039806,0.0011031,0.99921
0.99919,0.013286,-0.037969,-0.013318,0.99991,-0.00057362,0.037958,0.0010788,0.99928
0.99927,0.013364,-0.035925,-0.013396,0.99991,-0.00064725,0.035913,0.001128,0.99935
0.99934,0.01311,-0.033822,-0.01315,0.99991,-0.00093472,0.033807,0.0013788,0.99943
0.99943,0.013225,-0.030943,-0.013253,0.99991,-0.00069274,0.030931,0.0011024,0.99952
0.99954,0.01231,-0.027726,-0.01232,0.99992,-0.00017506,0.027722,0.00051656,0.99962
0.99963,0.011268,-0.024831,-0.011264,0.99994,0.00028776,0.024833,-7.9485e-06,0.99969
0.9997,0.01099,-0.02183,-0.010982,0.99994,0.00048182,0.021834,-0.00024194,0.99976
0.99977,0.010599,-0.018872,-0.010598,0.99994,0.00017292,0.018873,2.7123e-05,0.99982
0.99982,0.010382,-0.015996,-0.010388,0.99995,-0.00029704,0.015992,0.00046316,0.99987
0.99985,0.011342,-0.013049,-0.011359,0.99993,-0.0012339,0.013034,0.001382,0.99991
0.99988,0.011262,-0.010186,-0.011282,0.99993,-0.0019261,0.010164,0.0020408,0.99995
0.99991,0.011299,-0.0073362,-0.011307,0.99994,-0.001034,0.0073241,0.0011169,0.99997
0.99992,0.011816,-0.0047626,-0.011818,0.99993,-0.0003816,0.0047578,0.00043786,0.99999
0.99993,0.011554,-0.0024593,-0.011555,0.99993,-0.00055915,0.0024527,0.00058753,1
0.99994,0.011393,-0.00017141,-0.011393,0.99993,-0.0017821,0.0001511,0.001784,1
0.99993,0.011576,0.0015423,-0.011569,0.99992,-0.0043836,-0.0015929,0.0043655,0.99999
0.99994,0.010846,0.0024905,-0.010831,0.99992,-0.0059351,-0.0025547,0.0059078,0.99998
0.99994,0.010772,0.0026729,-0.010754,0.99992,-0.0067672,-0.0027456,0.006738,0.99997
0.99995,0.010013,0.0028487,-0.0099928,0.99993,-0.0069918,-0.0029185,0.006963,0.99997
0.99994,0.010925,0.0030219,-0.010903,0.99991,-0.0071699,-0.0031,0.0071365,0.99997
0.99993,0.011761,0.003321,-0.011735,0.9999,-0.0078654,-0.0034132,0.0078259,0.99996
0.99993,0.011087,0.0035275,-0.011052,0.99989,-0.0098586,-0.0036364,0.009819,0.99995
0.99997,0.0073225,0.0039103,-0.0072765,0.99991,-0.011664,-0.0039953,0.011636,0.99992
0.99998,0.0040237,0.0042476,-0.0039698,0.99991,-0.012619,-0.004298,0.012602,0.99991
0.99997,0.005633,0.0048419,-0.0055866,0.99994,-0.0095415,-0.0048954,0.0095142,0.99994
0.99993,0.01001,0.005515,-0.009991,0.99994,-0.0034618,-0.0055493,0.0034064,0.99998
0.99993,0.0097538,0.0063865,-0.0097619,0.99995,0.00124,-0.0063741,-0.0013022,0.99998
0.99993,0.008283,0.0082652,-0.0082776,0.99997,-0.00068322,-0.0082705,0.00061475,0.99997
0.99988,0.0094123,0.012192,-0.0093265,0.99993,-0.007073,-0.012258,0.0069584,0.9999
0.9998,0.011553,0.016109,-0.011366,0.99987,-0.011683,-0.016242,0.011498,0.9998
0.99973,0.013018,0.019313,-0.012796,0.99985,-0.011566,-0.01946,0.011316,0.99975
0.99968,0.011673,0.02258,-0.011473,0.99989,-0.0089947,-0.022682,0.0087327,0.9997
0.99964,0.0086323,0.025519,-0.0084859,0.99995,-0.0058389,-0.025568,0.0056202,0.99966
0.99958,0.0061503,0.028219,-0.0060384,0.99997,-0.004047,-0.028243,0.0038749,0.99959
0.99949,0.0059302,0.031397,-0.0058232,0.99998,-0.0034988,-0.031418,0.0033141,0.9995
0.99939,0.0081713,0.033943,-0.0079887,0.99995,-0.0055118,-0.033987,0.0052372,0.99941
0.9993,0.0086317,0.03629,-0.0083519,0.99993,-0.0078531,-0.036355,0.0075446,0.99931
0.9992,0.008957,0.038882,-0.0086414,0.99993,-0.0082768,-0.038953,0.0079343,0.99921
0.99908,0.0098607,0.041803,-0.0096027,0.99993,-0.0063677,-0.041863,0.0059604,0.99911
0.99892,0.011382,0.045108,-0.011192,0.99993,-0.0044475,-0.045155,0.0039379,0.99897
0.99878,0.011928,0.04787,-0.011729,0.99992,-0.0044205,-0.047919,0.0038537,0.99884
0.99865,0.011797,0.050521,-0.011549,0.99992,-0.0051978,-0.050578,0.0046073,0.99871
0.99854,0.010196,0.053115,-0.0099146,0.99994,-0.005568,-0.053168,0.0050333,0.99857
0.99846,0.0071884,0.054931,-0.0069236,0.99996,-0.005009,-0.054965,0.0046209,0.99848
0.99842,0.0057208,0.055843,-0.0054562,0.99997,-0.0048896,-0.055869,0.0045772,0.99843
0.99839,0.0049686,0.056421,-0.0046996,0.99998,-0.0048991,-0.056444,0.0046261,0.9984
0.99837,0.0048488,0.056932,-0.0045818,0.99998,-0.0048194,-0.056954,0.0045507,0.99837
0.99837,0.0048244,0.056909,-0.0045822,0.99998,-0.0043856,-0.056929,0.0041177,0.99837
0.9984,0.0053745,0.056369,-0.0051695,0.99998,-0.0037831,-0.056388,0.0034857,0.9984
0.99846,0.0050076,0.055247,-0.0047658,0.99998,-0.0045088,-0.055269,0.0042385,0.99846
0.99855,0.0051332,0.053656,-0.0048524,0.99997,-0.0053611,-0.053682,0.0050929,0.99855
0.99863,0.0059185,0.052021,-0.0055977,0.99996,-0.0063105,-0.052057,0.0060107,0.99863
0.99869,0.0070106,0.05059,-0.0066944,0.99996,-0.0064169,-0.050633,0.0060698,0.9987
0.99877,0.0081334,0.048994,-0.0078224,0.99995,-0.0065368,-0.049045,0.0061455,0.99878
0.99887,0.0086135,0.046776,-0.0083386,0.99995,-0.006069,-0.046826,0.0056721,0.99889
0.99899,0.0084225,0.044032,-0.0082281,0.99996,-0.0045932,-0.044068,0.0042263,0.99902
0.99918,0.0070244,0.03993,-0.00694,0.99997,-0.0022507,-0.039944,0.0019717,0.9992
0.99936,0.0058229,0.035195,-0.0058191,0.99998,-0.00021197,-0.035196,7.0285e-06,0.99938
0.99952,0.0053321,0.030442,-0.0053713,0.99998,0.0012045,-0.030435,-0.0013674,0.99954
0.99966,0.004914,0.025709,-0.0049624,0.99999,0.0018182,-0.025699,-0.0019451,0.99967
0.99977,0.004427,0.021173,-0.0044816,0.99999,0.0025345,-0.021161,-0.0026288,0.99977
0.99986,0.0034179,0.01649,-0.0034641,0.99999,0.0027723,-0.016481,-0.002829,0.99986
0.99992,0.0030199,0.012361,-0.003051,0.99999,0.0024968,-0.012353,-0.0025343,0.99992
0.99996,0.0034483,0.008391,-0.0034687,0.99999,0.002408,-0.0083827,-0.002437,0.99996
0.99998,0.003782,0.0045582,-0.0037934,0.99999,0.0024934,-0.0045487,-0.0025107,0.99999
0.99999,0.0035344,0.0007657,-0.0035364,0.99999,0.0026483,-0.00075633,-0.002651,1
0.99999,0.0026636,-0.0034406,-0.0026571,0.99999,0.0019098,0.0034457,-0.0019006,0.99999
0.99996,0.0038143,-0.0083749,-0.0038102,0.99999,0.00051459,0.0083768,-0.00048266,0.99996
0.99988,0.0054294,-0.014695,-0.0054497,0.99998,-0.0013394,0.014687,0.0014193,0.99989
0.99972,0.0062837,-0.022872,-0.0063563,0.99997,-0.0031012,0.022852,0.0032457,0.99973
0.99943,0.0061685,-0.033143,-0.0063069,0.99997,-0.0040731,0.033117,0.0042798,0.99944
0.9989,0.006605,-0.046514,-0.0068125,0.99997,-0.004303,0.046484,0.0046151,0.99891
0.998,0.0075637,-0.06282,-0.0077898,0.99996,-0.0033554,0.062792,0.003838,0.99802
0.99655,0.010234,-0.082397,-0.010473,0.99994,-0.0024658,0.082367,0.0033203,0.9966
0.99443,0.011933,-0.10468,-0.012246,0.99992,-0.0023491,0.10465,0.003618,0.9945
0.99145,0.013381,-0.12981,-0.013784,0.9999,-0.0022104,0.12977,0.0039809,0.99154
0.98744,0.014943,-0.15726,-0.015382,0.99988,-0.0015748,0.15722,0.003974,0.98756
0.98215,0.01637,-0.18741,-0.016693,0.99986,-0.00014431,0.18738,0.0032701,0.98228
0.97519,0.016363,-0.22074,-0.016336,0.99986,0.0019518,0.22075,0.0017026,0.97533
0.96643,0.016637,-0.2564,-0.016133,0.99986,0.0040695,0.25643,0.00020353,0.96656
0.95581,0.018166,-0.29344,-0.016871,0.99983,0.0069443,0.29351,-0.0016869,0.95595
0.94312,0.019917,-0.33185,-0.017674,0.9998,0.0097755,0.33198,-0.0033544,0.94328
0.92833,0.020796,-0.37118,-0.017502,0.99977,0.012241,0.37135,-0.0048678,0.92848
0.91128,0.020947,-0.41125,-0.016463,0.99976,0.014442,0.41145,-0.0063906,0.91141
0.89151,0.020873,-0.45251,-0.015298,0.99976,0.015976,0.45274,-0.0073201,0.89161
0.86884,0.020588,-0.49466,-0.013753,0.99975,0.017454,0.4949,-0.0083618,0.86891
0.84325,0.019989,-0.53714,-0.011546,0.99975,0.019078,0.53739,-0.0098859,0.84327
0.81453,0.020359,-0.57976,-0.0099363,0.99973,0.021147,0.58003,-0.011464,0.81451
0.78285,0.022098,-0.62182,-0.010431,0.99969,0.022394,0.62213,-0.011044,0.78284
0.74789,0.021529,-0.66347,-0.0083593,0.9997,0.023016,0.66377,-0.011667,0.74785
0.70925,0.021013,-0.70465,-0.004494,0.99967,0.025288,0.70494,-0.014769,0.70911
0.66612,0.02048,-0.74557,0.0018684,0.99957,0.029127,0.74585,-0.020795,0.66579
0.6186,0.021215,-0.78542,0.0063723,0.99947,0.032015,0.78568,-0.024809,0.61813
0.56776,0.024919,-0.82282,0.0064505,0.99938,0.034717,0.82317,-0.025018,0.56724
0.51501,0.031745,-0.8566,0.0019034,0.99927,0.038176,0.85718,-0.021292,0.51457
0.46002,0.036539,-0.88716,-0.00096131,0.99917,0.040654,0.88791,-0.017849,0.45968
0.40308,0.038749,-0.91434,-0.0010259,0.99912,0.04189,0.91516,-0.015947,0.40277
0.3454,0.040915,-0.93756,0.0007943,0.99904,0.04389,0.93846,-0.015904,0.34503
0.28692,0.044177,-0.95694,0.0034842,0.99888,0.047158,0.95795,-0.016864,0.28644
0.22763,0.04821,-0.97255,0.0055186,0.99869,0.050798,0.97373,-0.01693,0.22706
0.16584,0.051581,-0.9848,0.0087327,0.99852,0.05377,0.98611,-0.017517,0.16514
0.10203,0.055588,-0.99323,0.0094955,0.99834,0.056849,0.99474,-0.015231,0.10133
0.037282,0.06091,-0.99745,0.012079,0.99804,0.061398,0.99923,-0.014337,0.036473
-0.028612,0.067613,-0.9973,0.01451,0.99763,0.067219,0.99949,-0.012548,-0.029525
-0.095673,0.074333,-0.99263,0.017569,0.99718,0.07298,0.99526,-0.010457,-0.096709
-0.16223,0.080612,-0.98346,0.020463,0.99672,0.078323,0.98654,-0.0074179,-0.16334
-0.22763,0.086613,-0.96989,0.02514,0.99623,0.083065,0.97342,-0.005475,-0.22895
-0.2916,0.091147,-0.95219,0.030227,0.99583,0.086068,0.95606,-0.0036839,-0.29314
-0.35313,0.093636,-0.93088,0.034851,0.9956,0.086927,0.93493,-0.0017453,-0.35484
-0.41225,0.094495,-0.90616,0.039332,0.99553,0.08592,0.91022,-0.00022052,-0.41412
-0.46776,0.094545,-0.87879,0.042794,0.99552,0.084326,0.88282,0.0018371,-0.46971
-0.51959,0.094664,-0.84915,0.045941,0.9955,0.082868,0.85318,0.0040471,-0.52161
-0.5661,0.094801,-0.81886,0.048528,0.99547,0.081699,0.8229,0.0065122,-0.56814
-0.60712,0.095612,-0.78884,0.050497,0.99537,0.081781,0.793,0.0098172,-0.60914
-0.64441,0.09891,-0.75826,0.055338,0.99503,0.082766,0.76267,0.011375,-0.64668
-0.68092,0.10563,-0.7247,0.064362,0.99435,0.084463,0.72953,0.010869,-0.68386
-0.71641,0.11142,-0.68872,0.071742,0.9937,0.086133,0.69398,0.012297,-0.71989
-0.74928,0.11348,-0.65246,0.075932,0.99343,0.085579,0.65788,0.01458,-0.75298
-0.77974,0.11018,-0.61633,0.076432,0.99378,0.080967,0.62142,0.016026,-0.78331
-0.80723,0.10736,-0.58039,0.078403,0.99411,0.074845,0.585,0.014913,-0.81089
-0.83237,0.10244,-0.54467,0.077728,0.99463,0.068289,0.54874,0.014506,-0.83587
-0.85505,0.099719,-0.50886,0.078903,0.99493,0.062389,0.5125,0.013195,-0.85858
-0.87576,0.097833,-0.47272,0.078503,0.99508,0.060504,0.47631,0.015877,-0.87913
-0.89543,0.094453,-0.43507,0.076708,0.99535,0.058213,0.43854,0.018752,-0.89851
-0.91302,0.093618,-0.39703,0.077944,0.99541,0.055473,0.40041,0.019701,-0.91613
-0.92881,0.095588,-0.35801,0.081619,0.9952,0.053969,0.36145,0.020907,-0.93216
-0.9426,0.099212,-0.31884,0.086846,0.99482,0.052807,0.32243,0.022086,-0.94634
-0.9547,0.099695,-0.28038,0.088263,0.99468,0.053141,0.28418,0.025987,-0.95842
-0.96462,0.10264,-0.24284,0.092559,0.99432,0.052579,0.24686,0.028242,-0.96864
-0.97318,0.10199,-0.20621,0.093287,0.99431,0.051514,0.21029,0.030896,-0.97715
-0.97998,0.10022,-0.17201,0.093676,0.99455,0.04576,0.17565,0.028731,-0.98403
-0.98536,0.098838,-0.13888,0.093991,0.99473,0.041055,0.14221,0.0274,-0.98946
-0.9894,0.098011,-0.10716,0.094243,0.99476,0.039693,0.11049,0.029173,-0.99345
-0.99243,0.096225,-0.076288,0.093518,0.99488,0.038309,0.079584,0.030885,-0.99635
-0.99437,0.094834,-0.047356,0.093164,0.99499,0.036309,0.050562,0.031692,-0.99822
-0.99524,0.09527,-0.020712,0.094534,0.99494,0.034043,0.02385,0.031922,-0.99921
-0.99575,0.091963,0.0044011,0.09206,0.99516,0.034403,-0.001216,0.034662,-0.9994
-0.99554,0.090144,0.027897,0.091076,0.99526,0.034148,-0.024687,0.036537,-0.99903
-0.995,0.087442,0.048283,0.089068,0.99549,0.032631,-0.045212,0.036769,-0.9983
-0.99447,0.082744,0.064654,0.084787,0.99596,0.029519,-0.06195,0.034838,-0.99747
-0.994,0.077667,0.077032,0.080021,0.9964,0.027959,-0.074584,0.033956,-0.99664
-0.99372,0.072834,0.084972,0.075554,0.99671,0.029234,-0.082564,0.03547,-0.99595
-0.99363,0.069235,0.08891,0.072245,0.9969,0.031097,-0.086481,0.037322,-0.99555
-0.99373,0.067438,0.089162,0.070313,0.99709,0.02951,-0.086913,0.035594,-0.99558
-0.99406,0.06528,0.087107,0.067972,0.99729,0.028299,-0.085024,0.034052,-0.9958
-0.99431,0.064651,0.084719,0.067342,0.9973,0.029295,-0.082596,0.034834,-0.99597
-0.99459,0.06358,0.082164,0.066268,0.99734,0.03041,-0.080012,0.035691,-0.99615
-0.99492,0.063162,0.078358,0.065774,0.99735,0.031209,-0.076179,0.036204,-0.99644
-0.99542,0.061536,0.07321,0.06409,0.9974,0.033056,-0.070985,0.037596,-0.99677
-0.99584,0.060983,0.067652,0.063488,0.99735,0.03551,-0.065308,0.039658,-0.99708
-0.99622,0.060366,0.062442,0.062777,0.99733,0.037391,-0.060018,0.04117,-0.99735
-0.99654,0.060122,0.057469,0.062357,0.99733,0.037907,-0.055037,0.041359,-0.99763
-0.99688,0.059105,0.052261,0.061096,0.99743,0.037368,-0.049918,0.040444,-0.99793
-0.99725,0.057524,0.046731,0.059268,0.99756,0.036842,-0.044498,0.03951,-0.99823
-0.99753,0.056891,0.041233,0.058399,0.99763,0.036333,-0.039068,0.038651,-0.99849
-0.99776,0.056288,0.036052,0.057688,0.99757,0.039047,-0.033766,0.041039,-0.99859
-0.9979,0.056749,0.031384,0.058056,0.99741,0.042436,-0.028894,0.044169,-0.99861
-0.99798,0.057616,0.026877,0.058728,0.99737,0.042571,-0.024354,0.044063,-0.99873
-0.998,0.05887,0.023125,0.059803,0.99733,0.041971,-0.020592,0.04327,-0.99885
-0.99805,0.059137,0.020073,0.05993,0.99734,0.041506,-0.017565,0.042628,-0.99894
-0.99808,0.059436,0.017293,0.060062,0.99746,0.038267,-0.014975,0.039232,-0.99912
-0.99814,0.059198,0.014778,0.059695,0.99757,0.035833,-0.012621,0.036648,-0.99925
-0.99823,0.058124,0.012521,0.058564,0.99755,0.038198,-0.01027,0.038864,-0.99919
-0.99819,0.059213,0.010737,0.059603,0.9974,0.040612,-0.0083038,0.041178,-0.99912
-0.99819,0.059377,0.0098495,0.059729,0.9974,0.040346,-0.0074282,0.040861,-0.99914
-0.99811,0.060616,0.0097182,0.060964,0.99731,0.040727,-0.0072233,0.041243,-0.99912
-0.9981,0.060877,0.0099539,0.061235,0.99729,0.040729,-0.0074475,0.041261,-0.99912
-0.99798,0.062671,0.010313,0.06303,0.99724,0.039209,-0.0078273,0.039779,-0.99918
-0.99789,0.064057,0.011033,0.064428,0.99722,0.037367,-0.0086084,0.037998,-0.99924
-0.99777,0.065616,0.012142,0.066032,0.9971,0.037839,-0.009624,0.038556,-0.99921
-0.99773,0.066012,0.013162,0.066503,0.99693,0.041247,-0.010399,0.042029,-0.99906
-0.99779,0.064852,0.014311,0.065401,0.99697,0.042058,-0.01154,0.042901,-0.99901
-0.99786,0.063557,0.015138,0.064151,0.99702,0.042737,-0.012377,0.043616,-0.99897
-0.99797,0.061742,0.015851,0.062366,0.99715,0.04242,-0.013187,0.043322,-0.99897
-0.99805,0.060161,0.016372,0.060801,0.99727,0.041893,-0.013807,0.042807,-0.99899
-0.99803,0.060464,0.016565,0.061094,0.9973,0.040631,-0.014064,0.041563,-0.99904
-0.99803,0.060406,0.016693,0.061015,0.99738,0.038792,-0.014306,0.039734,-0.99911
-0.99797,0.061496,0.016802,0.062118,0.99729,0.039403,-0.014333,0.040367,-0.99908
-0.99797,0.061258,0.017172,0.061909,0.99726,0.040383,-0.014651,0.041364,-0.99904
-0.99796,0.061394,0.017326,0.062063,0.99722,0.041164,-0.01475,0.042155,-0.999
-0.99803,0.060284,0.017362,0.060966,0.99726,0.04193,-0.014787,0.042906,-0.99897
-0.99798,0.061106,0.017169,0.061782,0.9972,0.042095,-0.014549,0.043071,-0.99897
-0.99802,0.060565,0.017252,0.06122,0.99731,0.040404,-0.014758,0.041379,-0.99903
-0.99791,0.062211,0.0174,0.062888,0.99716,0.041499,-0.014768,0.042507,-0.99899
-0.99789,0.062551,0.01746,0.063253,0.99707,0.043101,-0.014712,0.044114,-0.99892
-0.99787,0.06285,0.01746,0.063544,0.99707,0.042522,-0.014736,0.043541,-0.99894
-0.99784,0.063416,0.017406,0.064067,0.99715,0.039829,-0.014831,0.040858,-0.99905
-0.99783,0.063607,0.017268,0.064247,0.99716,0.039422,-0.014711,0.040446,-0.99907
-0.99787,0.062937,0.017379,0.063599,0.99715,0.040623,-0.014773,0.041641,-0.99902
-0.99785,0.063186,0.017317,0.063814,0.99722,0.038484,-0.014837,0.039506,-0.99911
-0.99791,0.062251,0.017509,0.062903,0.99724,0.039554,-0.014998,0.040573,-0.99906
-0.99798,0.061063,0.01732,0.061747,0.9972,0.042147,-0.014698,0.043132,-0.99896
-0.998,0.06078,0.017248,0.061456,0.99723,0.041831,-0.014657,0.042807,-0.99898
-0.99794,0.061775,0.017314,0.062452,0.99718,0.04172,-0.014687,0.042715,-0.99898
-0.99791,0.062171,0.017361,0.062834,0.99719,0.040682,-0.014783,0.041688,-0.99902
-0.99789,0.062688,0.017008,0.063366,0.99707,0.042818,-0.014274,0.043806,-0.99894
-0.99794,0.062016,0.016317,0.062702,0.99699,0.045624,-0.013439,0.046553,-0.99883
-0.99802,0.060939,0.015277,0.061583,0.99704,0.046057,-0.012425,0.046907,-0.99882
-0.99808,0.060262,0.014165,0.060854,0.99709,0.045918,-0.011357,0.046692,-0.99884
-0.99816,0.059105,0.013347,0.059666,0.99713,0.046532,-0.010559,0.047243,-0.99883
-0.99817,0.059274,0.012301,0.059782,0.99715,0.046089,-0.0095338,0.04674,-0.99886
-0.99812,0.060243,0.011462,0.0607,0.99714,0.044979,-0.0087193,0.04559,-0.99892
-0.99808,0.060922,0.010891,0.06135,0.99712,0.044697,-0.0081365,0.045279,-0.99894
-0.9981,0.060792,0.010414,0.061204,0.99709,0.045394,-0.0076242,0.045945,-0.99891
-0.99811,0.060671,0.0095752,0.06104,0.99713,0.044755,-0.0068325,0.045255,-0.99895
-0.99813,0.06045,0.0090235,0.060801,0.9971,0.045769,-0.0062306,0.046232,-0.99891
-0.99815,0.060188,0.0083588,0.060518,0.99704,0.047403,-0.005481,0.047821,-0.99884
-0.99816,0.060265,0.0072278,0.060545,0.997,0.048264,-0.0042974,0.048613,-0.99881
-0.99817,0.060187,0.0051961,0.060364,0.99708,0.046804,-0.002364,0.047033,-0.99889
-0.9982,0.059895,0.0032391,0.059981,0.99714,0.045944,-0.00047805,0.046055,-0.99894
-0.99817,0.060531,0.0012309,0.060521,0.99703,0.047532,0.0016499,0.04752,-0.99887
-0.99811,0.061398,-0.00066497,0.06129,0.99689,0.049506,0.0037024,0.049371,-0.99877
-0.99804,0.062499,-0.0028282,0.062288,0.99687,0.048607,0.0058572,0.048335,-0.99881
-0.99802,0.062647,-0.0048148,0.06234,0.99687,0.048676,0.0078491,0.04828,-0.9988
-0.998,0.062889,-0.0068197,0.062468,0.99678,0.05032,0.0099623,0.049794,-0.99871
-0.99798,0.062982,-0.0088898,0.062439,0.9967,0.05188,0.012128,0.05122,-0.99861
-0.9979,0.063801,-0.011003,0.063129,0.99658,0.053298,0.014366,0.052492,-0.99852
-0.99787,0.064047,-0.012716,0.063298,0.99661,0.052461,0.016033,0.051544,-0.99854
-0.99778,0.064988,-0.014342,0.064151,0.99655,0.05262,0.017712,0.051583,-0.99851
-0.99782,0.064155,-0.01537,0.063209,0.99645,0.055667,0.018887,0.054575,-0.99833
-0.99779,0.064585,-0.015893,0.063609,0.99642,0.05571,0.019434,0.054575,-0.99832
-0.99781,0.06424,-0.01595,0.0633,0.99654,0.053776,0.019349,0.052648,-0.99843
-0.99786,0.063503,-0.015852,0.062581,0.99663,0.053098,0.019171,0.051992,-0.99846
-0.9978,0.06445,-0.015619,0.063535,0.99655,0.053346,0.019003,0.052236,-0.99845
-0.9978,0.064541,-0.015389,0.063639,0.99655,0.05325,0.018773,0.052153,-0.99846
-0.99783,0.064112,-0.014934,0.063216,0.99653,0.054215,0.018358,0.053153,-0.99842
-0.99781,0.064585,-0.014225,0.063696,0.9964,0.055983,0.01779,0.054954,-0.99833
-0.99786,0.063969,-0.013708,0.063092,0.99638,0.056978,0.017303,0.055991,-0.99828
-0.99794,0.062764,-0.013285,0.061927,0.9965,0.056109,0.016761,0.055171,-0.99834
-0.99791,0.063359,-0.012907,0.062559,0.99652,0.055027,0.016348,0.054105,-0.9984
-0.99789,0.063718,-0.012276,0.062968,0.99655,0.053992,0.015674,0.053105,-0.99847
-0.99796,0.062792,-0.011817,0.062067,0.99661,0.054084,0.015173,0.05324,-0.99847
-0.99791,0.063583,-0.011303,0.062869,0.9965,0.055126,0.014768,0.0543,-0.99842
-0.99793,0.063338,-0.010777,0.062644,0.99648,0.055722,0.014269,0.054932,-0.99839
-0.99792,0.063642,-0.010405,0.062965,0.99645,0.05592,0.013927,0.055148,-0.99838
-0.99791,0.063884,-0.0096868,0.063243,0.99641,0.056209,0.013243,0.055479,-0.99837
-0.99801,0.06242,-0.0090708,0.06182,0.99653,0.055751,0.012519,0.055079,-0.9984
-0.99795,0.063371,-0.0087871,0.062814,0.9966,0.053388,0.01214,0.052727,-0.99854
-0.99776,0.06632,-0.0085914,0.065797,0.99652,0.051145,0.011953,0.050466,-0.99865
-0.99767,0.067703,-0.0081584,0.067212,0.99648,0.050133,0.011524,0.049468,-0.99871
-0.99775,0.066551,-0.0082492,0.066053,0.99654,0.050464,0.011579,0.049806,-0.99869
-0.99774,0.066761,-0.0079686,0.066281,0.99654,0.050067,0.011284,0.049426,-0.99871
-0.99759,0.068958,-0.0078122,0.068504,0.99648,0.04822,0.01111,0.047568,-0.99881
-0.99755,0.069529,-0.0078654,0.069079,0.99648,0.047579,0.011146,0.046919,-0.99884
-0.99757,0.069218,-0.0082464,0.068743,0.99647,0.048253,0.011557,0.047568,-0.9988
-0.99756,0.069289,-0.0088042,0.068776,0.99642,0.049204,0.012182,0.048478,-0.99875
-0.9975,0.070042,-0.0093442,0.069507,0.99639,0.048733,0.012724,0.047962,-0.99877
-0.9974,0.071388,-0.0098707,0.070839,0.99634,0.047812,0.013248,0.046989,-0.99881
-0.99731,0.072548,-0.010303,0.071992,0.99631,0.046774,0.013659,0.045907,-0.99885
-0.9972,0.073979,-0.010509,0.07344,0.9963,0.044749,0.013781,0.043852,-0.99894
-0.99716,0.074446,-0.010948,0.073918,0.99636,0.042553,0.014076,0.041623,-0.99903
-0.99708,0.075479,-0.011717,0.074952,0.99637,0.040331,0.014719,0.039335,-0.99912
-0.99719,0.073953,-0.012323,0.073436,0.99657,0.038163,0.015103,0.03715,-0.9992
-0.99731,0.072126,-0.012927,0.07161,0.99676,0.036736,0.015535,0.035711,-0.99924
-0.99724,0.073058,-0.013284,0.07251,0.99665,0.037924,0.01601,0.036856,-0.99919
-0.997,0.076284,-0.01338,0.075683,0.9963,0.040751,0.01644,0.039616,-0.99908
-0.99727,0.072585,-0.01384,0.071971,0.99658,0.040625,0.016742,0.039518,-0.99908
-0.99767,0.06672,-0.014454,0.066123,0.99707,0.038478,0.016979,0.037432,-0.99915
-0.99785,0.06393,-0.014386,0.063412,0.99741,0.033985,0.016521,0.033,-0.99932
-0.9976,0.067795,-0.014394,0.06741,0.99739,0.025697,0.016099,0.024665,-0.99957
-0.99785,0.063914,-0.014484,0.063559,0.99769,0.023804,0.015972,0.022832,-0.99961
-0.99817,0.058863,-0.013751,0.058492,0.99795,0.025991,0.015253,0.025139,-0.99957
-0.99834,0.056058,-0.012903,0.055662,0.99802,0.029246,0.014516,0.02848,-0.99949
-0.99846,0.054339,-0.0112,0.053955,0.99803,0.032126,0.012924,0.031472,-0.99942
-0.99848,0.054257,-0.0092418,0.053922,0.99799,0.033295,0.01103,0.032746,-0.9994
-0.99852,0.05405,-0.0063672,0.053816,0.99802,0.032409,0.0081063,0.032019,-0.99945
-0.99858,0.053142,-0.002856,0.053031,0.99814,0.030214,0.0044563,0.030019,-0.99954
-0.99869,0.051142,0.0001778,0.051124,0.99824,0.030215,0.0013678,0.030185,-0.99954
-0.99875,0.04977,0.0035982,0.049863,0.9982,0.033406,-0.0019291,0.033543,-0.99944
-0.99873,0.049826,0.0072367,0.050067,0.99801,0.038228,-0.0053176,0.038542,-0.99924
-0.99862,0.051388,0.01067,0.051784,0.99782,0.040867,-0.0085468,0.041363,-0.99911
-0.9985,0.052731,0.014417,0.053286,0.99772,0.041339,-0.012205,0.042045,-0.99904
-0.99835,0.054468,0.018113,0.055154,0.99768,0.039807,-0.015903,0.04074,-0.99904
-0.99819,0.055852,0.022183,0.056649,0.9977,0.0371,-0.02006,0.03829,-0.99907
-0.99798,0.057984,0.02601,0.058898,0.99762,0.035882,-0.023868,0.037341,-0.99902
-0.9978,0.059121,0.030113,0.060193,0.99754,0.036026,-0.027908,0.037759,-0.9989
-0.99758,0.060498,0.034135,0.061785,0.99737,0.037992,-0.031747,0.040009,-0.99869
-0.99735,0.061709,0.0386,0.063252,0.99719,0.040117,-0.036016,0.042452,-0.99845
-0.99699,0.064666,0.042716,0.066367,0.99701,0.039693,-0.040022,0.042408,-0.9983
-0.99669,0.066183,0.047118,0.067975,0.99698,0.037491,-0.044494,0.04057,-0.99819
-0.99642,0.067346,0.051104,0.069128,0.99703,0.033939,-0.048666,0.03735,-0.99812
-0.99616,0.068178,0.054939,0.070012,0.99703,0.032173,-0.052582,0.035896,-0.99797
-0.99601,0.068057,0.057796,0.069997,0.99703,0.032221,-0.055431,0.036138,-0.99781
-0.99589,0.068186,0.059654,0.070169,0.99703,0.031798,-0.057309,0.035853,-0.99771
-0.9959,0.067266,0.060464,0.069132,0.99718,0.029312,-0.058321,0.033372,-0.99774
-0.99592,0.06685,0.060681,0.068544,0.9973,0.02627,-0.058762,0.030322,-0.99781
-0.99579,0.068969,0.060422,0.07047,0.99725,0.023063,-0.058665,0.027224,-0.99791
