1,1.1976e-11,1.7046e-10,0,1.1976e-11,1,3.5625e-10,-1.1102e-16,1.7046e-10,3.5625e-10,1,2.2204e-16,0,0,0,1
1,0.00071968,-0.00068709,-0.014018,-0.00071977,1,-0.00012956,-0.028203,0.00068699,0.00013006,1,1.199,0,0,0,1
1,0.0014309,-0.0013663,-0.027874,-0.0014312,1,-0.00025762,-0.056081,0.0013659,0.00025957,1,2.3842,0,0,0,1
1,0.0021456,-0.002049,-0.041803,-0.0021464,1,-0.00038635,-0.084106,0.0020482,0.00039074,1,3.5756,0,0,0,1
0.99999,0.0028603,-0.0027319,-0.055735,-0.0028617,1,-0.00051509,-0.11214,0.0027305,0.00052291,1,4.7673,0,0,0,1
0.99999,0.0035768,-0.0034167,-0.069707,-0.003579,0.99999,-0.00064419,-0.14024,0.0034144,0.00065641,0.99999,5.9623,0,0,0,1
0.99998,0.0042904,-0.004099,-0.083626,-0.0042936,0.99999,-0.00077279,-0.16825,0.0040956,0.00079037,0.99999,7.1528,0,0,0,1
0.99998,0.0050051,-0.0047824,-0.09757,-0.0050094,0.99999,-0.00090161,-0.1963,0.0047779,0.00092555,0.99999,8.3454,0,0,0,1
0.99997,0.0057188,-0.0054652,-0.1115,-0.0057245,0.99998,-0.0010303,-0.22432,0.0054592,0.0010615,0.99998,9.5368,0,0,0,1
0.99996,0.0064324,-0.006148,-0.12543,-0.0064396,0.99998,-0.001159,-0.25235,0.0061405,0.0011985,0.99998,10.728,0,0,0,1
0.99995,0.0071458,-0.0068309,-0.13936,-0.0071547,0.99997,-0.0012877,-0.28037,0.0068215,0.0013365,0.99998,11.92,0,0,0,1
0.99994,0.0078593,-0.007514,-0.1533,-0.0078701,0.99997,-0.0014164,-0.30841,0.0075027,0.0014755,0.99997,13.112,0,0,0,1
0.99993,0.0084359,-0.0081632,-0.16714,-0.0084486,0.99996,-0.0015206,-0.33629,0.0081501,0.0015895,0.99997,14.303,0,0,0,1
0.99991,0.010215,-0.0091103,-0.18181,-0.010232,0.99995,-0.0018401,-0.36542,0.009091,0.0019331,0.99996,15.497,0,0,0,1
0.9999,0.0099427,-0.0095591,-0.19507,-0.0099602,0.99995,-0.0017825,-0.39244,0.0095409,0.0018776,0.99995,16.688,0,0,0,1
0.9999,0.0093739,-0.010151,-0.20818,-0.0093891,0.99995,-0.0014535,-0.41915,0.010137,0.0015487,0.99995,17.881,0,0,0,1
0.9999,0.009037,-0.010638,-0.22207,-0.0090487,0.99996,-0.0010516,-0.44508,0.010628,0.0011477,0.99994,19.077,0,0,0,1
0.99989,0.0092701,-0.011333,-0.2373,-0.0092931,0.99995,-0.0019718,-0.47151,0.011314,0.002077,0.99993,20.27,0,0,0,1
0.99989,0.0090071,-0.011828,-0.25316,-0.0090433,0.99995,-0.0030119,-0.49778,0.0118,0.0031185,0.99993,21.465,0,0,0,1
0.99987,0.0096133,-0.012639,-0.27076,-0.0096445,0.99995,-0.0024105,-0.52474,0.012615,0.0025321,0.99992,22.659,0,0,0,1
0.99986,0.0098496,-0.013361,-0.28879,-0.0098808,0.99995,-0.0022771,-0.55273,0.013338,0.0024088,0.99991,23.853,0,0,0,1
0.99985,0.0098523,-0.014275,-0.30711,-0.0098967,0.99995,-0.0030423,-0.58123,0.014244,0.0031831,0.99989,25.047,0,0,0,1
0.99983,0.010115,-0.015105,-0.32735,-0.010157,0.99994,-0.0027032,-0.60698,0.015077,0.0028562,0.99988,26.243,0,0,0,1
0.99983,0.009255,-0.015808,-0.34725,-0.0092646,0.99996,-0.00053448,-0.63294,0.015803,0.00068085,0.99987,27.442,0,0,0,1
0.99982,0.0086113,-0.016705,-0.3678,-0.0086179,0.99996,-0.00032768,-0.65656,0.016702,0.00047159,0.99986,28.637,0,0,0,1
0.99981,0.0079849,-0.01752,-0.38921,-0.008016,0.99997,-0.0017041,-0.68243,0.017505,0.0018443,0.99985,29.828,0,0,0,1
0.9998,0.0074613,-0.01851,-0.41128,-0.0075089,0.99997,-0.0025037,-0.70872,0.018491,0.0026422,0.99983,31.028,0,0,0,1
0.99978,0.0078725,-0.019259,-0.43572,-0.0079222,0.99997,-0.0025057,-0.73565,0.019239,0.0026578,0.99981,32.232,0,0,0,1
0.99977,0.007404,-0.019917,-0.45965,-0.0074443,0.99997,-0.0019505,-0.76325,0.019902,0.0020983,0.9998,33.42,0,0,0,1
0.99976,0.0071595,-0.020562,-0.4847,-0.0071957,0.99997,-0.0016891,-0.79159,0.020549,0.0018367,0.99979,34.615,0,0,0,1
0.99976,0.0064027,-0.021055,-0.50982,-0.0064381,0.99998,-0.0016133,-0.81827,0.021044,0.0017485,0.99978,35.813,0,0,0,1
0.99974,0.0064694,-0.021649,-0.53671,-0.0065058,0.99998,-0.0016145,-0.84578,0.021638,0.0017549,0.99976,37.009,0,0,0,1
0.99975,0.0055957,-0.02185,-0.56274,-0.0056214,0.99998,-0.0011166,-0.87347,0.021843,0.0012391,0.99976,38.207,0,0,0,1
0.99975,0.0057301,-0.021758,-0.59046,-0.0057295,0.99998,8.8513e-05,-0.90011,0.021758,3.617e-05,0.99976,39.405,0,0,0,1
0.99975,0.0062008,-0.021606,-0.61817,-0.00618,0.99998,0.0010315,-0.92686,0.021612,-0.00089769,0.99977,40.602,0,0,0,1
0.99974,0.0069942,-0.021554,-0.64663,-0.0069825,0.99998,0.00061566,-0.95313,0.021558,-0.000465,0.99977,41.799,0,0,0,1
0.99974,0.0078224,-0.02145,-0.67567,-0.007813,0.99997,0.00052056,-0.97763,0.021453,-0.00035284,0.99977,42.996,0,0,0,1
0.99972,0.010798,-0.020977,-0.70802,-0.010758,0.99994,0.0020234,-1.0004,0.020997,-0.0017971,0.99978,44.196,0,0,0,1
0.99975,0.011074,-0.019367,-0.73586,-0.010976,0.99993,0.0051414,-1.0204,0.019423,-0.0049276,0.9998,45.396,0,0,0,1
0.99978,0.011637,-0.017606,-0.76173,-0.0115,0.9999,0.0078716,-1.0374,0.017696,-0.0076674,0.99981,46.596,0,0,0,1
0.9998,0.01192,-0.015821,-0.78445,-0.011744,0.99987,0.011163,-1.0512,0.015952,-0.010975,0.99981,47.801,0,0,0,1
0.99983,0.011607,-0.014513,-0.80502,-0.011415,0.99985,0.013268,-1.0641,0.014665,-0.0131,0.99981,49.005,0,0,0,1
0.99987,0.0099231,-0.013056,-0.822,-0.0097727,0.99989,0.011538,-1.0738,0.013169,-0.011409,0.99985,50.203,0,0,0,1
0.99987,0.010398,-0.011998,-0.84029,-0.010288,0.9999,0.0092233,-1.0853,0.012093,-0.0090987,0.99989,51.405,0,0,0,1
0.99987,0.011547,-0.011184,-0.85946,-0.011447,0.99989,0.0090403,-1.0983,0.011287,-0.0089111,0.9999,52.606,0,0,0,1
0.99988,0.010573,-0.011143,-0.87538,-0.010478,0.99991,0.0085746,-1.1126,0.011233,-0.0084568,0.9999,53.811,0,0,0,1
0.99988,0.0099049,-0.011884,-0.89287,-0.0098119,0.99992,0.0078614,-1.1279,0.011961,-0.0077439,0.9999,55.015,0,0,0,1
0.99986,0.010072,-0.01342,-0.91186,-0.0099677,0.99992,0.007815,-1.1432,0.013497,-0.0076802,0.99988,56.22,0,0,0,1
0.99984,0.010097,-0.014945,-0.93323,-0.0099582,0.99991,0.0093398,-1.1607,0.015038,-0.0091894,0.99984,57.428,0,0,0,1
0.99982,0.010094,-0.015909,-0.95622,-0.0099401,0.9999,0.0097245,-1.1757,0.016006,-0.0095647,0.99983,58.633,0,0,0,1
0.9998,0.011053,-0.016745,-0.98144,-0.010895,0.9999,0.0094699,-1.1903,0.016848,-0.0092856,0.99981,59.839,0,0,0,1
0.99978,0.011445,-0.017458,-1.0067,-0.011283,0.99989,0.0093526,-1.2056,0.017563,-0.0091536,0.9998,61.042,0,0,0,1
0.99979,0.010801,-0.017632,-1.0311,-0.010647,0.9999,0.0088007,-1.2213,0.017726,-0.0086111,0.99981,62.246,0,0,0,1
0.9998,0.0095089,-0.017851,-1.0539,-0.0093705,0.99993,0.007819,-1.2375,0.017924,-0.0076501,0.99981,63.447,0,0,0,1
0.99979,0.0090884,-0.018201,-1.0785,-0.0089303,0.99992,0.0087522,-1.2517,0.018279,-0.0085879,0.9998,64.648,0,0,0,1
0.99979,0.0090831,-0.018429,-1.1032,-0.0088824,0.9999,0.01094,-1.2671,0.018526,-0.010774,0.99977,65.85,0,0,0,1
0.99978,0.009524,-0.018729,-1.1295,-0.0093473,0.99991,0.0094964,-1.2811,0.018818,-0.0093193,0.99978,67.048,0,0,0,1
0.99976,0.011034,-0.018802,-1.1577,-0.010888,0.99991,0.0078131,-1.2939,0.018887,-0.0076065,0.99979,68.241,0,0,0,1
0.99973,0.013196,-0.018879,-1.1869,-0.013047,0.99988,0.0079787,-1.3094,0.018982,-0.0077302,0.99979,69.435,0,0,0,1
0.99971,0.015004,-0.018812,-1.2153,-0.014852,0.99986,0.008237,-1.3247,0.018933,-0.0079552,0.99979,70.626,0,0,0,1
0.99969,0.016657,-0.018598,-1.2432,-0.016497,0.99983,0.0087138,-1.3395,0.01874,-0.0084042,0.99979,71.816,0,0,0,1
0.9997,0.017065,-0.017624,-1.2686,-0.016897,0.99981,0.0096377,-1.3557,0.017785,-0.009337,0.9998,73.002,0,0,0,1
0.9997,0.018732,-0.015552,-1.2928,-0.018574,0.99978,0.010214,-1.3715,0.01574,-0.0099225,0.99983,74.187,0,0,0,1
0.99975,0.018143,-0.012913,-1.3103,-0.018022,0.99979,0.0094303,-1.3901,0.013082,-0.0091953,0.99987,75.366,0,0,0,1
0.99984,0.014638,-0.010625,-1.3201,-0.014598,0.99989,0.0038809,-1.4075,0.010681,-0.0037252,0.99994,76.541,0,0,0,1
0.99985,0.015193,-0.0081859,-1.3309,-0.015176,0.99988,0.0021696,-1.4271,0.0082179,-0.002045,0.99996,77.716,0,0,0,1
0.99988,0.014502,-0.0052576,-1.3379,-0.014471,0.99988,0.0060339,-1.4488,0.0053445,-0.0059571,0.99997,78.895,0,0,0,1
0.99989,0.014593,-0.0019338,-1.3409,-0.014577,0.99986,0.0079624,-1.4685,0.0020498,-0.0079333,0.99997,80.068,0,0,0,1
0.99989,0.015025,0.0020516,-1.3423,-0.015036,0.99987,0.0057129,-1.4858,-0.0019655,-0.0057431,0.99998,81.235,0,0,0,1
0.99989,0.014134,0.0055033,-1.3357,-0.014151,0.99989,0.003139,-1.5061,-0.0054583,-0.0032165,0.99998,82.399,0,0,0,1
0.99988,0.012729,0.0088633,-1.3239,-0.012723,0.99992,-0.00073944,-1.5303,-0.008872,0.00062658,0.99996,83.558,0,0,0,1
0.99986,0.011874,0.012145,-1.3093,-0.011852,0.99993,-0.0018333,-1.5555,-0.012166,0.0016891,0.99992,84.717,0,0,0,1
0.99981,0.011676,0.015782,-1.293,-0.011679,0.99993,6.5282e-05,-1.5806,-0.01578,-0.00024958,0.99988,85.877,0,0,0,1
0.99973,0.012771,0.01962,-1.2731,-0.012792,0.99992,0.00096048,-1.6051,-0.019606,-0.0012112,0.99981,87.031,0,0,0,1
0.99965,0.012444,0.023284,-1.2471,-0.012416,0.99992,-0.0013572,-1.6307,-0.023299,0.0010676,0.99973,88.184,0,0,0,1
0.99957,0.012125,0.02656,-1.2167,-0.012024,0.99992,-0.0039357,-1.6562,-0.026606,0.0036147,0.99964,89.333,0,0,0,1
0.99948,0.012213,0.029818,-1.1827,-0.012089,0.99992,-0.0043368,-1.6832,-0.029869,0.0039741,0.99955,90.483,0,0,0,1
0.99941,0.010864,0.032693,-1.1441,-0.010768,0.99994,-0.0031087,-1.7104,-0.032725,0.0027548,0.99946,91.637,0,0,0,1
0.99932,0.010109,0.03549,-1.1018,-0.010051,0.99995,-0.0017876,-1.7361,-0.035506,0.0014296,0.99937,92.791,0,0,0,1
0.99923,0.0092879,0.038244,-1.056,-0.0092973,0.99996,6.9488e-05,-1.7607,-0.038242,-0.000425,0.99927,93.947,0,0,0,1
0.99914,0.0081576,0.040694,-1.0061,-0.0082145,0.99997,0.001233,-1.7851,-0.040682,-0.0015662,0.99917,95.103,0,0,0,1
0.99905,0.0068632,0.042962,-0.95397,-0.00683,0.99998,-0.00091925,-1.8095,-0.042967,0.00062495,0.99908,96.255,0,0,0,1
0.99897,0.0053985,0.045154,-0.89754,-0.0052013,0.99998,-0.0044828,-1.8349,-0.045177,0.0042433,0.99897,97.413,0,0,0,1
0.99887,0.0057487,0.047208,-0.841,-0.0053941,0.99996,-0.0076349,-1.8619,-0.04725,0.0073717,0.99886,98.572,0,0,0,1
0.99879,0.0058949,0.04883,-0.78205,-0.0054781,0.99995,-0.0086642,-1.8916,-0.048879,0.0083863,0.99877,99.74,0,0,0,1
0.99876,0.0059543,0.049436,-0.72336,-0.005563,0.99995,-0.0080487,-1.9225,-0.049482,0.0077637,0.99874,100.91,0,0,0,1
0.99879,0.0061514,0.048691,-0.66553,-0.0058642,0.99996,-0.0060398,-1.953,-0.048726,0.005747,0.9988,102.09,0,0,0,1
0.99886,0.005468,0.047327,-0.60772,-0.0052653,0.99998,-0.0044069,-1.9831,-0.04735,0.0041527,0.99887,103.28,0,0,0,1
0.99896,0.0057484,0.045328,-0.55057,-0.0055837,0.99998,-0.0037595,-2.0129,-0.045349,0.0035025,0.99897,104.47,0,0,0,1
0.99906,0.0058956,0.042871,-0.49775,-0.0057653,0.99998,-0.003162,-2.0411,-0.042888,0.0029119,0.99908,105.67,0,0,0,1
0.99919,0.0063772,0.039767,-0.44833,-0.0062559,0.99998,-0.003173,-2.0697,-0.039786,0.0029217,0.9992,106.87,0,0,0,1
0.99932,0.0078352,0.036008,-0.40538,-0.0077149,0.99996,-0.0034804,-2.0983,-0.036034,0.0032003,0.99935,108.07,0,0,0,1
0.99945,0.0079754,0.0321,-0.36511,-0.0078745,0.99996,-0.0032691,-2.127,-0.032124,0.0030146,0.99948,109.28,0,0,0,1
0.99957,0.0086223,0.028059,-0.32908,-0.0085656,0.99996,-0.002141,-2.1569,-0.028076,0.0018998,0.9996,110.49,0,0,0,1
0.99968,0.008809,0.023739,-0.29853,-0.0087806,0.99996,-0.0012993,-2.1857,-0.023749,0.0010905,0.99972,111.71,0,0,0,1
0.99977,0.008964,0.019291,-0.27267,-0.0089555,0.99996,-0.00052918,-2.2134,-0.019295,0.0003563,0.99981,112.92,0,0,0,1
0.99985,0.0093475,0.014502,-0.25378,-0.0093439,0.99996,-0.00031094,-2.2401,-0.014504,0.00017539,0.99989,114.14,0,0,0,1
0.9999,0.010178,0.0095633,-0.24155,-0.010176,0.99995,-0.00027186,-2.2678,-0.0095656,0.00017452,0.99995,115.36,0,0,0,1
0.99993,0.010694,0.0046037,-0.23407,-0.010691,0.99994,-0.00052594,-2.2968,-0.0046091,0.00047669,0.99999,116.59,0,0,0,1
0.99993,0.01158,-4.9266e-05,-0.23257,-0.01158,0.99993,-0.0010838,-2.3276,3.6714e-05,0.0010843,1,117.81,0,0,0,1
0.9999,0.013415,-0.003741,-0.23729,-0.01342,0.99991,-0.0013563,-2.358,0.0037225,0.0014064,0.99999,119.04,0,0,0,1
0.99986,0.01576,-0.0058586,-0.24644,-0.015767,0.99987,-0.0011373,-2.3881,0.0058399,0.0012295,0.99998,120.27,0,0,0,1
0.99984,0.016711,-0.0068286,-0.25623,-0.016721,0.99986,-0.0014092,-2.4174,0.0068041,0.0015232,0.99998,121.5,0,0,0,1
0.99979,0.018842,-0.0079076,-0.26968,-0.018851,0.99982,-0.00097937,-2.4446,0.0078877,0.0011282,0.99997,122.74,0,0,0,1
0.99976,0.020256,-0.0088989,-0.28357,-0.020255,0.99979,0.00020431,-2.4715,0.0089012,-2.4008e-05,0.99996,123.98,0,0,0,1
0.99975,0.020295,-0.0096543,-0.29702,-0.020294,0.99979,0.000181,-2.4989,0.009656,1.4969e-05,0.99995,125.22,0,0,0,1
0.99967,0.023568,-0.010493,-0.31682,-0.02355,0.99972,0.0018947,-2.5216,0.010535,-0.001647,0.99994,126.47,0,0,0,1
0.99962,0.025202,-0.011066,-0.33608,-0.025149,0.99967,0.004831,-2.5433,0.011184,-0.0045508,0.99993,127.72,0,0,0,1
0.99964,0.024177,-0.011842,-0.3532,-0.024115,0.99969,0.005347,-2.5613,0.011967,-0.0050595,0.99992,128.97,0,0,0,1
0.99964,0.023881,-0.012385,-0.37044,-0.02384,0.99971,0.0034434,-2.5781,0.012464,-0.0031469,0.99992,130.22,0,0,0,1
0.99969,0.021164,-0.013117,-0.38455,-0.021111,0.99977,0.0041478,-2.5962,0.013202,-0.0038696,0.99991,131.48,0,0,0,1
0.99972,0.018818,-0.014139,-0.39762,-0.018733,0.99981,0.0060887,-2.6148,0.014251,-0.0058221,0.99988,132.73,0,0,0,1
0.99977,0.016033,-0.014447,-0.41337,-0.01592,0.99984,0.0079419,-2.6314,0.014572,-0.0077101,0.99986,134,0,0,0,1
0.99979,0.014276,-0.014765,-0.42991,-0.014133,0.99985,0.009779,-2.6461,0.014903,-0.0095683,0.99984,135.26,0,0,0,1
0.99984,0.0098952,-0.014709,-0.44389,-0.0097813,0.99992,0.0077913,-2.6601,0.014785,-0.0076462,0.99986,136.52,0,0,0,1
0.99987,0.0072315,-0.014754,-0.45706,-0.0071424,0.99996,0.0060793,-2.676,0.014798,-0.0059731,0.99987,137.79,0,0,0,1
0.99988,0.0056446,-0.014577,-0.47206,-0.005557,0.99997,0.0060408,-2.6932,0.014611,-0.005959,0.99988,139.06,0,0,0,1
0.99988,0.0055982,-0.014306,-0.49082,-0.0055063,0.99996,0.0064566,-2.7113,0.014341,-0.006377,0.99988,140.33,0,0,0,1
0.99989,0.0059711,-0.013603,-0.50995,-0.0058595,0.99995,0.0082326,-2.7281,0.013651,-0.008152,0.99987,141.61,0,0,0,1
0.99988,0.008592,-0.012894,-0.53166,-0.0084635,0.99991,0.0099868,-2.7441,0.012978,-0.0098765,0.99987,142.88,0,0,0,1
0.99989,0.0086606,-0.012319,-0.55015,-0.0085478,0.99992,0.0091828,-2.7595,0.012397,-0.0090764,0.99988,144.15,0,0,0,1
0.99989,0.0089543,-0.011912,-0.56811,-0.0088764,0.99994,0.0065717,-2.7754,0.01197,-0.0064653,0.99991,145.42,0,0,0,1
0.99989,0.0091051,-0.011494,-0.58622,-0.0090539,0.99995,0.0044996,-2.7948,0.011535,-0.0043951,0.99992,146.69,0,0,0,1
0.99991,0.0078125,-0.011258,-0.60157,-0.0078088,0.99997,0.00037256,-2.8189,0.011261,-0.00028461,0.99994,147.96,0,0,0,1
0.99991,0.0078912,-0.010759,-0.6184,-0.0079252,0.99996,-0.0031198,-2.8445,0.010734,0.0032048,0.99994,149.23,0,0,0,1
0.99991,0.0076435,-0.010591,-0.63444,-0.0076888,0.99996,-0.0042443,-2.8751,0.010558,0.0043253,0.99993,150.49,0,0,0,1
0.99992,0.0074707,-0.010681,-0.64929,-0.0075122,0.99996,-0.0038582,-2.9088,0.010652,0.0039381,0.99994,151.76,0,0,0,1
0.99991,0.0081172,-0.010647,-0.6669,-0.008155,0.99996,-0.0035087,-2.9397,0.010618,0.0035952,0.99994,153.02,0,0,0,1
0.9999,0.0089323,-0.01089,-0.68417,-0.0089577,0.99996,-0.0022877,-2.9699,0.010869,0.002385,0.99994,154.29,0,0,0,1
0.99989,0.0094033,-0.011142,-0.70347,-0.0094231,0.99995,-0.0017174,-2.9976,0.011125,0.0018222,0.99994,155.55,0,0,0,1
0.99989,0.0096713,-0.011684,-0.72123,-0.0096949,0.99995,-0.0019652,-3.0249,0.011664,0.0020782,0.99993,156.82,0,0,0,1
0.99987,0.0099921,-0.012322,-0.74013,-0.010015,0.99995,-0.0017853,-3.0517,0.012304,0.0019085,0.99992,158.08,0,0,0,1
0.99987,0.0094371,-0.013005,-0.75814,-0.0094467,0.99996,-0.00068097,-3.0793,0.012998,0.00080373,0.99992,159.34,0,0,0,1
0.99985,0.010308,-0.013665,-0.77852,-0.010314,0.99995,-0.0003643,-3.1073,0.01366,0.00050518,0.99991,160.6,0,0,0,1
0.99984,0.010592,-0.014277,-0.79897,-0.010612,0.99994,-0.0012964,-3.1353,0.014263,0.0014477,0.9999,161.86,0,0,0,1
0.99983,0.011036,-0.015101,-0.82101,-0.011074,0.99994,-0.0023877,-3.1623,0.015074,0.0025545,0.99988,163.13,0,0,0,1
0.99981,0.011875,-0.015716,-0.84485,-0.011913,0.99993,-0.0023666,-3.1912,0.015687,0.0025534,0.99987,164.39,0,0,0,1
0.9998,0.011556,-0.016376,-0.86761,-0.011608,0.99993,-0.0030442,-3.2218,0.01634,0.0032337,0.99986,165.65,0,0,0,1
0.99978,0.011811,-0.017189,-0.89159,-0.011886,0.99992,-0.0042395,-3.2523,0.017138,0.0044429,0.99984,166.91,0,0,0,1
0.99977,0.011987,-0.017807,-0.91593,-0.012061,0.99992,-0.0040748,-3.2827,0.017757,0.0042887,0.99983,168.18,0,0,0,1
0.99975,0.012336,-0.018524,-0.9418,-0.012387,0.99992,-0.0026451,-3.314,0.01849,0.0028739,0.99982,169.44,0,0,0,1
0.99974,0.01241,-0.019265,-0.96826,-0.012454,0.99992,-0.0021722,-3.3446,0.019236,0.0024115,0.99981,170.7,0,0,0,1
0.99972,0.012773,-0.019905,-0.99577,-0.012813,0.99992,-0.0018648,-3.3738,0.01988,0.0021193,0.9998,171.97,0,0,0,1
0.9997,0.013211,-0.020625,-1.0243,-0.013244,0.99991,-0.0014988,-3.4024,0.020603,0.0017715,0.99979,173.23,0,0,0,1
0.99968,0.01342,-0.021229,-1.0536,-0.013471,0.99991,-0.0022716,-3.4319,0.021197,0.0025569,0.99977,174.5,0,0,0,1
0.99966,0.014451,-0.021672,-1.0832,-0.014518,0.99989,-0.0029364,-3.4612,0.021627,0.00325,0.99976,175.76,0,0,0,1
0.99965,0.014653,-0.022078,-1.112,-0.01471,0.99989,-0.0024189,-3.4919,0.02204,0.0027428,0.99975,177.03,0,0,0,1
0.99964,0.014574,-0.022419,-1.1409,-0.014652,0.99989,-0.0033175,-3.5235,0.022368,0.0036447,0.99974,178.29,0,0,0,1
0.99966,0.013258,-0.022501,-1.1675,-0.013378,0.9999,-0.0052074,-3.5554,0.022429,0.0055067,0.99973,179.55,0,0,0,1
0.99969,0.010306,-0.022777,-1.1934,-0.01042,0.99993,-0.0048737,-3.5871,0.022725,0.0051096,0.99973,180.81,0,0,0,1
0.99968,0.010249,-0.023069,-1.2209,-0.010289,0.99995,-0.001635,-3.6172,0.023051,0.0018718,0.99973,182.07,0,0,0,1
0.99968,0.010029,-0.023163,-1.2498,-0.0099502,0.99994,0.0035209,-3.6447,0.023197,-0.0032893,0.99973,183.34,0,0,0,1
0.99967,0.010363,-0.023361,-1.2803,-0.010301,0.99994,0.0027576,-3.6691,0.023388,-0.0025161,0.99972,184.59,0,0,0,1
0.99966,0.012019,-0.023115,-1.3119,-0.01203,0.99993,-0.00032171,-3.6942,0.02311,0.00059967,0.99973,185.84,0,0,0,1
0.99965,0.012304,-0.023417,-1.3428,-0.012367,0.99992,-0.0025345,-3.7224,0.023384,0.0028232,0.99972,187.09,0,0,0,1
0.99965,0.011883,-0.02359,-1.3715,-0.011944,0.99993,-0.002449,-3.7527,0.023559,0.0027299,0.99972,188.34,0,0,0,1
0.99965,0.011928,-0.023508,-1.4009,-0.01195,0.99993,-0.00080374,-3.7819,0.023497,0.0010844,0.99972,189.59,0,0,0,1
0.99966,0.012029,-0.023344,-1.4299,-0.012005,0.99993,0.0011896,-3.811,0.023356,-0.00090898,0.99973,190.83,0,0,0,1
0.99968,0.011435,-0.02273,-1.4569,-0.01139,0.99993,0.0021377,-3.8398,0.022752,-0.0018781,0.99974,192.07,0,0,0,1
0.99971,0.01147,-0.021396,-1.4823,-0.011437,0.99993,0.001663,-3.8689,0.021413,-0.0014178,0.99977,193.3,0,0,0,1
0.99975,0.01008,-0.020023,-1.5044,-0.010083,0.99995,-4.3033e-05,-3.8976,0.020021,0.0002449,0.9998,194.53,0,0,0,1
0.99977,0.010028,-0.018774,-1.5254,-0.010057,0.99995,-0.0014738,-3.9293,0.018759,0.0016623,0.99982,195.76,0,0,0,1
0.99981,0.00913,-0.017421,-1.5433,-0.0091714,0.99996,-0.0022943,-3.9621,0.017399,0.0024536,0.99985,196.98,0,0,0,1
0.99983,0.0092654,-0.016177,-1.5613,-0.0092897,0.99996,-0.0014305,-3.9945,0.016163,0.0015805,0.99987,198.2,0,0,0,1
0.99985,0.0089547,-0.014784,-1.5773,-0.0089472,0.99996,0.00057915,-4.0254,0.014789,-0.00044678,0.99989,199.41,0,0,0,1
0.99986,0.0096548,-0.013622,-1.5932,-0.0096421,0.99995,0.00099652,-4.0557,0.013631,-0.00086504,0.99991,200.62,0,0,0,1
0.99988,0.0094457,-0.012535,-1.6071,-0.0094364,0.99996,0.00080384,-4.0845,0.012542,-0.00068546,0.99992,201.82,0,0,0,1
0.99989,0.0098298,-0.011541,-1.6196,-0.0098177,0.99995,0.0011046,-4.1126,0.011551,-0.00099115,0.99993,203.02,0,0,0,1
0.99989,0.01009,-0.01042,-1.6299,-0.010075,0.99995,0.0015228,-4.1422,0.010435,-0.0014176,0.99994,204.2,0,0,0,1
0.9999,0.010078,-0.0096529,-1.6397,-0.010067,0.99995,0.0011803,-4.169,0.0096643,-0.001083,0.99995,205.38,0,0,0,1
0.99991,0.010124,-0.0087548,-1.6491,-0.010113,0.99995,0.0012872,-4.1962,0.0087674,-0.0011985,0.99996,206.55,0,0,0,1
0.99993,0.0089424,-0.0081921,-1.656,-0.0089309,0.99996,0.0014499,-4.2235,0.0082047,-0.0013766,0.99997,207.71,0,0,0,1
0.99993,0.008776,-0.0079727,-1.6632,-0.0087601,0.99996,0.0020353,-4.2502,0.0079903,-0.0019653,0.99997,208.85,0,0,0,1
0.99993,0.0083009,-0.008283,-1.6705,-0.0082728,0.99996,0.0034181,-4.277,0.008311,-0.0033494,0.99996,209.98,0,0,0,1
0.99992,0.0085436,-0.0089726,-1.6809,-0.0085135,0.99996,0.0033868,-4.3018,0.0090012,-0.0033102,0.99995,211.09,0,0,0,1
0.99992,0.0088232,-0.0093466,-1.6926,-0.0088011,0.99996,0.0024045,-4.3269,0.0093674,-0.0023221,0.99995,212.19,0,0,0,1
0.99991,0.0091296,-0.0097853,-1.7054,-0.0091152,0.99996,0.0015136,-4.3516,0.0097987,-0.0014242,0.99995,213.27,0,0,0,1
0.99991,0.0090647,-0.010345,-1.7177,-0.0090515,0.99996,0.0013221,-4.3768,0.010356,-0.0012283,0.99995,214.35,0,0,0,1
0.9999,0.0085105,-0.011461,-1.7306,-0.008495,0.99996,0.0013982,-4.4021,0.011472,-0.0013007,0.99993,215.4,0,0,0,1
0.99988,0.0081292,-0.013047,-1.7442,-0.0081018,0.99996,0.0021546,-4.4269,0.013064,-0.0020486,0.99991,216.45,0,0,0,1
0.99986,0.007076,-0.015012,-1.7581,-0.0070225,0.99997,0.0036138,-4.4505,0.015037,-0.0035079,0.99988,217.49,0,0,0,1
0.99983,0.0073053,-0.017215,-1.776,-0.0072067,0.99996,0.0057825,-4.4725,0.017256,-0.0056574,0.99984,218.51,0,0,0,1
0.99978,0.0075158,-0.019455,-1.7965,-0.007402,0.99996,0.0059148,-4.4942,0.019499,-0.0057695,0.99979,219.51,0,0,0,1
0.99972,0.0078884,-0.022139,-1.8202,-0.007773,0.99996,0.0052943,-4.5131,0.02218,-0.0051207,0.99974,220.5,0,0,0,1
0.99966,0.0079666,-0.024872,-1.8445,-0.0078358,0.99996,0.0053498,-4.5325,0.024913,-0.0051531,0.99968,221.46,0,0,0,1
0.99958,0.0085377,-0.027723,-1.8716,-0.0083736,0.99995,0.0060289,-4.5533,0.027773,-0.0057942,0.9996,222.4,0,0,0,1
0.99949,0.0088948,-0.030709,-1.9005,-0.0087137,0.99994,0.0060286,-4.5743,0.030761,-0.005758,0.99951,223.32,0,0,0,1
0.99939,0.0088401,-0.033772,-1.9311,-0.0086639,0.99995,0.005361,-4.5942,0.033818,-0.0050651,0.99942,224.22,0,0,0,1
0.99928,0.0086326,-0.037003,-1.9632,-0.0084565,0.99995,0.0049125,-4.6139,0.037044,-0.004596,0.9993,225.09,0,0,0,1
0.99915,0.00983,-0.040111,-1.9993,-0.0096479,0.99994,0.0047311,-4.6343,0.040155,-0.0043401,0.99918,225.95,0,0,0,1
0.99902,0.010114,-0.043111,-2.0361,-0.0099561,0.99994,0.0038832,-4.6555,0.043147,-0.0034501,0.99906,226.78,0,0,0,1
0.99889,0.012049,-0.045469,-2.0761,-0.011879,0.99992,0.0040208,-4.6741,0.045513,-0.0034762,0.99896,227.59,0,0,0,1
0.99885,0.012854,-0.046288,-2.114,-0.012673,0.99991,0.0042133,-4.6923,0.046338,-0.0036219,0.99892,228.38,0,0,0,1
0.99885,0.012918,-0.046067,-2.1494,-0.012684,0.99991,0.0053764,-4.7106,0.046132,-0.004786,0.99892,229.16,0,0,0,1
0.99888,0.013013,-0.04556,-2.1828,-0.012743,0.9999,0.0062109,-4.729,0.045637,-0.0056234,0.99894,229.92,0,0,0,1
0.99889,0.01281,-0.045251,-2.2152,-0.012567,0.99991,0.0056456,-4.7466,0.045319,-0.0050707,0.99896,230.66,0,0,0,1
0.9989,0.013277,-0.044932,-2.2479,-0.013123,0.99991,0.0037187,-4.7625,0.044977,-0.003125,0.99898,231.39,0,0,0,1
0.99894,0.013291,-0.044109,-2.2788,-0.013236,0.99991,0.001535,-4.7789,0.044125,-0.00094957,0.99903,232.12,0,0,0,1
0.99899,0.013313,-0.042985,-2.3091,-0.013318,0.99991,0.00017263,-4.7957,0.042984,0.00040002,0.99908,232.84,0,0,0,1
0.99904,0.014038,-0.041512,-2.3386,-0.014062,0.9999,-0.00030481,-4.8132,0.041504,0.00088829,0.99914,233.56,0,0,0,1
0.99912,0.01347,-0.039817,-2.3648,-0.013503,0.99991,-0.0005659,-4.8305,0.039806,0.0011031,0.99921,234.28,0,0,0,1
0.99919,0.013286,-0.037969,-2.3896,-0.013318,0.99991,-0.00057361,-4.848,0.037958,0.0010788,0.99928,234.99,0,0,0,1
0.99927,0.013364,-0.035925,-2.4147,-0.013396,0.99991,-0.00064725,-4.8649,0.035913,0.001128,0.99935,235.7,0,0,0,1
0.99934,0.01311,-0.033822,-2.4372,-0.01315,0.99991,-0.00093472,-4.8816,0.033807,0.0013788,0.99943,236.41,0,0,0,1
0.99943,0.013225,-0.030943,-2.4583,-0.013253,0.99991,-0.00069274,-4.8969,0.030931,0.0011024,0.99952,237.11,0,0,0,1
0.99954,0.01231,-0.027726,-2.4752,-0.01232,0.99992,-0.00017506,-4.9121,0.027722,0.00051656,0.99962,237.81,0,0,0,1
0.99963,0.011268,-0.024831,-2.4892,-0.011264,0.99994,0.00028776,-4.9296,0.024833,-7.9485e-06,0.99969,238.51,0,0,0,1
0.9997,0.01099,-0.02183,-2.5015,-0.010982,0.99994,0.00048182,-4.9476,0.021834,-0.00024194,0.99976,239.2,0,0,0,1
0.99977,0.010599,-0.018872,-2.5119,-0.010598,0.99994,0.00017292,-4.9656,0.018873,2.7123e-05,0.99982,239.89,0,0,0,1
0.99982,0.010382,-0.015996,-2.5203,-0.010388,0.99995,-0.00029704,-4.9817,0.015992,0.00046316,0.99987,240.58,0,0,0,1
0.99985,0.011342,-0.013049,-2.5282,-0.011359,0.99993,-0.0012339,-4.9982,0.013034,0.001382,0.99991,241.26,0,0,0,1
0.99988,0.011262,-0.010186,-2.5344,-0.011282,0.99993,-0.0019261,-5.0157,0.010164,0.0020408,0.99995,241.96,0,0,0,1
0.99991,0.011299,-0.0073362,-2.5383,-0.011307,0.99994,-0.001034,-5.032,0.0073241,0.0011169,0.99997,242.65,0,0,0,1
0.99992,0.011816,-0.0047626,-2.5434,-0.011818,0.99993,-0.0003816,-5.0482,0.0047578,0.00043786,0.99999,243.36,0,0,0,1
0.99993,0.011554,-0.0024593,-2.5456,-0.011555,0.99993,-0.00055915,-5.0643,0.0024527,0.00058753,1,244.06,0,0,0,1
0.99994,0.011393,-0.00017141,-2.5469,-0.011393,0.99993,-0.0017821,-5.0803,0.0001511,0.001784,1,244.76,0,0,0,1
0.99993,0.011576,0.0015423,-2.5466,-0.011569,0.99992,-0.0043836,-5.0948,-0.0015929,0.0043655,0.99999,245.47,0,0,0,1
0.99994,0.010846,0.0024905,-2.5456,-0.010831,0.99992,-0.0059351,-5.109,-0.0025547,0.0059078,0.99998,246.19,0,0,0,1
0.99994,0.010772,0.0026729,-2.5437,-0.010754,0.99992,-0.0067672,-5.1261,-0.0027456,0.006738,0.99997,246.91,0,0,0,1
0.99995,0.010013,0.0028487,-2.5421,-0.0099928,0.99993,-0.0069918,-5.1452,-0.0029185,0.006963,0.99997,247.64,0,0,0,1
0.99994,0.010925,0.0030219,-2.5419,-0.010903,0.99991,-0.0071699,-5.1646,-0.0031,0.0071365,0.99997,248.37,0,0,0,1
0.99993,0.011761,0.003321,-2.5422,-0.011735,0.9999,-0.0078654,-5.1854,-0.0034132,0.0078259,0.99996,249.11,0,0,0,1
0.99993,0.011087,0.0035275,-2.5409,-0.011052,0.99989,-0.0098586,-5.206,-0.0036364,0.009819,0.99995,249.86,0,0,0,1
0.99997,0.0073225,0.0039103,-2.5354,-0.0072765,0.99991,-0.011664,-5.2274,-0.0039953,0.011636,0.99992,250.61,0,0,0,1
0.99998,0.0040237,0.0042476,-2.5293,-0.0039698,0.99991,-0.012619,-5.2463,-0.004298,0.012602,0.99991,251.37,0,0,0,1
0.99997,0.005633,0.0048419,-2.5295,-0.0055866,0.99994,-0.0095415,-5.2639,-0.0048954,0.0095142,0.99994,252.15,0,0,0,1
0.99993,0.01001,0.005515,-2.5344,-0.009991,0.99994,-0.0034618,-5.283,-0.0055493,0.0034064,0.99998,252.93,0,0,0,1
0.99993,0.0097538,0.0063865,-2.5317,-0.0097619,0.99995,0.00124,-5.3002,-0.0063741,-0.0013022,0.99998,253.72,0,0,0,1
0.99993,0.008283,0.0082652,-2.5228,-0.0082776,0.99997,-0.00068322,-5.3162,-0.0082705,0.00061475,0.99997,254.51,0,0,0,1
0.99988,0.0094123,0.012192,-2.5169,-0.0093265,0.99993,-0.007073,-5.3288,-0.012258,0.0069584,0.9999,255.31,0,0,0,1
0.9998,0.011553,0.016109,-2.5089,-0.011366,0.99987,-0.011683,-5.3453,-0.016242,0.011498,0.9998,256.11,0,0,0,1
0.99973,0.013018,0.019313,-2.4959,-0.012796,0.99985,-0.011566,-5.3644,-0.01946,0.011316,0.99975,256.93,0,0,0,1
0.99968,0.011673,0.02258,-2.4764,-0.011473,0.99989,-0.0089947,-5.3858,-0.022682,0.0087327,0.9997,257.76,0,0,0,1
0.99964,0.0086323,0.025519,-2.4519,-0.0084859,0.99995,-0.0058389,-5.4069,-0.025568,0.0056202,0.99966,258.59,0,0,0,1
0.99958,0.0061503,0.028219,-2.4263,-0.0060384,0.99997,-0.004047,-5.425,-0.028243,0.0038749,0.99959,259.43,0,0,0,1
0.99949,0.0059302,0.031398,-2.4018,-0.0058232,0.99998,-0.0034988,-5.4453,-0.031418,0.0033141,0.9995,260.27,0,0,0,1
0.99939,0.0081713,0.033943,-2.3775,-0.0079887,0.99995,-0.0055118,-5.4674,-0.033987,0.0052372,0.99941,261.1,0,0,0,1
0.9993,0.0086317,0.03629,-2.3479,-0.0083519,0.99993,-0.0078531,-5.4885,-0.036355,0.0075446,0.99931,261.94,0,0,0,1
0.9992,0.008957,0.038882,-2.3156,-0.0086414,0.99993,-0.0082768,-5.5096,-0.038953,0.0079343,0.99921,262.78,0,0,0,1
0.99908,0.0098607,0.041803,-2.2827,-0.0096027,0.99993,-0.0063677,-5.5333,-0.041863,0.0059604,0.99911,263.62,0,0,0,1
0.99892,0.011382,0.045108,-2.2493,-0.011192,0.99993,-0.0044475,-5.5576,-0.045155,0.0039379,0.99897,264.46,0,0,0,1
0.99878,0.011928,0.04787,-2.2117,-0.011729,0.99992,-0.0044205,-5.5802,-0.047919,0.0038537,0.99884,265.3,0,0,0,1
0.99865,0.011797,0.050521,-2.169,-0.011549,0.99992,-0.0051978,-5.6016,-0.050578,0.0046073,0.99871,266.15,0,0,0,1
0.99854,0.010196,0.053115,-2.1206,-0.0099146,0.99994,-0.005568,-5.6228,-0.053168,0.0050333,0.99857,266.99,0,0,0,1
0.99846,0.0071884,0.054931,-2.0709,-0.0069236,0.99996,-0.005009,-5.6424,-0.054965,0.0046209,0.99848,267.83,0,0,0,1
0.99842,0.0057208,0.055843,-2.0202,-0.0054562,0.99997,-0.0048896,-5.6623,-0.055869,0.0045772,0.99843,268.68,0,0,0,1
0.99839,0.0049686,0.056421,-1.9723,-0.0046996,0.99998,-0.0048991,-5.6839,-0.056444,0.0046261,0.9984,269.53,0,0,0,1
0.99837,0.0048488,0.056932,-1.9238,-0.0045818,0.99998,-0.0048194,-5.7059,-0.056954,0.0045507,0.99837,270.38,0,0,0,1
0.99837,0.0048244,0.056909,-1.8757,-0.0045822,0.99998,-0.0043856,-5.727,-0.056929,0.0041177,0.99837,271.23,0,0,0,1
0.9984,0.0053745,0.056369,-1.8295,-0.0051695,0.99998,-0.0037831,-5.7502,-0.056388,0.0034857,0.9984,272.09,0,0,0,1
0.99846,0.0050076,0.055247,-1.7833,-0.0047658,0.99998,-0.0045088,-5.7731,-0.055269,0.0042385,0.99846,272.94,0,0,0,1
0.99855,0.0051332,0.053656,-1.7412,-0.0048524,0.99997,-0.0053611,-5.7938,-0.053682,0.0050929,0.99855,273.8,0,0,0,1
0.99863,0.0059185,0.052021,-1.7008,-0.0055977,0.99996,-0.0063105,-5.8149,-0.052057,0.0060107,0.99863,274.65,0,0,0,1
0.99869,0.0070106,0.05059,-1.6607,-0.0066944,0.99996,-0.0064169,-5.8359,-0.050633,0.0060698,0.9987,275.5,0,0,0,1
0.99877,0.0081334,0.048994,-1.6227,-0.0078224,0.99995,-0.0065368,-5.8582,-0.049045,0.0061455,0.99878,276.35,0,0,0,1
0.99887,0.0086135,0.046776,-1.5856,-0.0083386,0.99995,-0.006069,-5.8797,-0.046826,0.0056721,0.99889,277.2,0,0,0,1
0.99899,0.0084225,0.044032,-1.5506,-0.0082281,0.99996,-0.0045932,-5.9011,-0.044068,0.0042263,0.99902,278.05,0,0,0,1
0.99918,0.0070244,0.03993,-1.5179,-0.00694,0.99997,-0.0022507,-5.9219,-0.039944,0.0019717,0.9992,278.9,0,0,0,1
0.99936,0.0058229,0.035195,-1.4893,-0.0058191,0.99998,-0.00021197,-5.9419,-0.035196,7.0285e-06,0.99938,279.74,0,0,0,1
0.99952,0.0053321,0.030442,-1.4662,-0.0053713,0.99998,0.0012045,-5.9607,-0.030435,-0.0013674,0.99954,280.57,0,0,0,1
0.99966,0.004914,0.025709,-1.4478,-0.0049624,0.99999,0.0018182,-5.978,-0.025699,-0.0019451,0.99967,281.39,0,0,0,1
0.99977,0.004427,0.021173,-1.4319,-0.0044816,0.99999,0.0025345,-5.9944,-0.021161,-0.0026288,0.99977,282.2,0,0,0,1
0.99986,0.0034179,0.01649,-1.4191,-0.0034641,0.99999,0.0027723,-6.0108,-0.016481,-0.002829,0.99986,283,0,0,0,1
0.99992,0.0030199,0.012361,-1.4121,-0.003051,0.99999,0.0024968,-6.0267,-0.012353,-0.0025343,0.99992,283.79,0,0,0,1
0.99996,0.0034483,0.008391,-1.4113,-0.0034687,0.99999,0.002408,-6.0402,-0.0083827,-0.002437,0.99996,284.56,0,0,0,1
0.99998,0.003782,0.0045582,-1.4143,-0.0037934,0.99999,0.0024934,-6.054,-0.0045487,-0.0025107,0.99999,285.31,0,0,0,1
0.99999,0.0035344,0.0007657,-1.4178,-0.0035364,0.99999,0.0026483,-6.0692,-0.00075634,-0.002651,1,286.04,0,0,0,1
0.99999,0.0026636,-0.0034406,-1.4234,-0.0026571,0.99999,0.0019098,-6.0851,0.0034457,-0.0019006,0.99999,286.74,0,0,0,1
0.99996,0.0038143,-0.0083749,-1.4358,-0.0038102,0.99999,0.00051459,-6.1014,0.0083768,-0.00048266,0.99996,287.43,0,0,0,1
0.99988,0.0054294,-0.014695,-1.4544,-0.0054497,0.99998,-0.0013394,-6.1175,0.014687,0.0014193,0.99989,288.1,0,0,0,1
0.99972,0.0062837,-0.022872,-1.4776,-0.0063563,0.99997,-0.0031012,-6.1326,0.022852,0.0032457,0.99973,288.75,0,0,0,1
0.99943,0.0061685,-0.033143,-1.5064,-0.0063069,0.99997,-0.0040731,-6.1494,0.033117,0.0042798,0.99944,289.39,0,0,0,1
0.9989,0.006605,-0.046514,-1.5456,-0.0068125,0.99997,-0.004303,-6.167,0.046484,0.0046151,0.99891,290.02,0,0,0,1
0.998,0.0075637,-0.06282,-1.5972,-0.0077898,0.99996,-0.0033553,-6.1825,0.062792,0.003838,0.99802,290.63,0,0,0,1
0.99655,0.010234,-0.082397,-1.665,-0.010473,0.99994,-0.0024658,-6.197,0.082367,0.0033203,0.9966,291.23,0,0,0,1
0.99443,0.011933,-0.10468,-1.7424,-0.012246,0.99992,-0.0023491,-6.2102,0.10465,0.003618,0.9945,291.81,0,0,0,1
0.99145,0.013381,-0.12981,-1.8345,-0.013784,0.9999,-0.0022104,-6.2242,0.12977,0.0039809,0.99154,292.38,0,0,0,1
0.98744,0.014943,-0.15726,-1.943,-0.015382,0.99988,-0.0015748,-6.237,0.15722,0.003974,0.98756,292.94,0,0,0,1
0.98215,0.01637,-0.18741,-2.068,-0.016693,0.99986,-0.00014431,-6.2479,0.18738,0.0032701,0.98228,293.47,0,0,0,1
0.97519,0.016363,-0.22074,-2.2095,-0.016336,0.99986,0.0019518,-6.2577,0.22075,0.0017026,0.97533,294,0,0,0,1
0.96643,0.016637,-0.2564,-2.3679,-0.016133,0.99986,0.0040695,-6.2711,0.25643,0.00020353,0.96656,294.51,0,0,0,1
0.95581,0.018166,-0.29344,-2.5434,-0.016871,0.99983,0.0069443,-6.2853,0.29351,-0.0016869,0.95595,294.99,0,0,0,1
0.94312,0.019917,-0.33185,-2.7394,-0.017674,0.9998,0.0097756,-6.2976,0.33198,-0.0033544,0.94328,295.47,0,0,0,1
0.92833,0.020796,-0.37118,-2.949,-0.017502,0.99977,0.012241,-6.3079,0.37135,-0.0048678,0.92848,295.9,0,0,0,1
0.91128,0.020947,-0.41125,-3.1785,-0.016463,0.99976,0.014442,-6.3146,0.41145,-0.0063906,0.91141,296.35,0,0,0,1
0.89151,0.020873,-0.45251,-3.4256,-0.015298,0.99976,0.015976,-6.321,0.45274,-0.0073201,0.89162,296.78,0,0,0,1
0.86884,0.020588,-0.49466,-3.6873,-0.013753,0.99975,0.017454,-6.3282,0.4949,-0.0083618,0.86891,297.16,0,0,0,1
0.84325,0.019989,-0.53714,-3.969,-0.011546,0.99975,0.019078,-6.3328,0.53739,-0.0098859,0.84327,297.56,0,0,0,1
0.81453,0.020359,-0.57976,-4.2686,-0.0099363,0.99973,0.021147,-6.337,0.58003,-0.011464,0.81451,297.94,0,0,0,1
0.78285,0.022098,-0.62182,-4.5863,-0.010431,0.99969,0.022394,-6.3394,0.62213,-0.011044,0.78284,298.26,0,0,0,1
0.74789,0.021529,-0.66347,-4.9227,-0.0083593,0.9997,0.023016,-6.3452,0.66377,-0.011667,0.74785,298.6,0,0,0,1
0.70925,0.021013,-0.70465,-5.2703,-0.004494,0.99967,0.025288,-6.3478,0.70494,-0.014769,0.70911,298.87,0,0,0,1
0.66612,0.02048,-0.74557,-5.6356,0.0018684,0.99957,0.029127,-6.344,0.74585,-0.020795,0.66579,299.17,0,0,0,1
0.6186,0.021215,-0.78542,-6.0144,0.0063723,0.99947,0.032015,-6.34,0.78568,-0.024809,0.61813,299.43,0,0,0,1
0.56776,0.024919,-0.82282,-6.4044,0.0064505,0.99938,0.034717,-6.3323,0.82317,-0.025018,0.56724,299.61,0,0,0,1
0.51501,0.031745,-0.8566,-6.8089,0.0019034,0.99927,0.038176,-6.3313,0.85718,-0.021292,0.51457,299.81,0,0,0,1
0.46002,0.036539,-0.88716,-7.2164,-0.00096131,0.99917,0.040654,-6.3261,0.88791,-0.017849,0.45968,299.98,0,0,0,1
0.40308,0.038749,-0.91434,-7.6201,-0.0010259,0.99912,0.04189,-6.3156,0.91516,-0.015947,0.40277,300.06,0,0,0,1
0.3454,0.040915,-0.93756,-8.0272,0.0007943,0.99904,0.04389,-6.3046,0.93846,-0.015904,0.34503,300.18,0,0,0,1
0.28692,0.044177,-0.95694,-8.4362,0.0034842,0.99888,0.047158,-6.2923,0.95795,-0.016864,0.28644,300.22,0,0,0,1
0.22763,0.04821,-0.97255,-8.8498,0.0055186,0.99869,0.050798,-6.2829,0.97373,-0.01693,0.22706,300.29,0,0,0,1
0.16584,0.051581,-0.9848,-9.2703,0.0087327,0.99852,0.05377,-6.2712,0.98611,-0.017517,0.16514,300.33,0,0,0,1
0.10203,0.055588,-0.99323,-9.6962,0.0094955,0.99834,0.056849,-6.257,0.99474,-0.015231,0.10133,300.28,0,0,0,1
0.037282,0.06091,-0.99745,-10.136,0.012079,0.99804,0.061398,-6.2425,0.99923,-0.014337,0.036473,300.27,0,0,0,1
-0.028612,0.067612,-0.9973,-10.581,0.01451,0.99763,0.067219,-6.2243,0.99949,-0.012547,-0.029525,300.23,0,0,0,1
-0.095673,0.074333,-0.99263,-11.031,0.017569,0.99718,0.07298,-6.1995,0.99526,-0.010457,-0.096709,300.1,0,0,0,1
-0.16223,0.080611,-0.98346,-11.488,0.020463,0.99672,0.078323,-6.1783,0.98654,-0.0074179,-0.16334,299.99,0,0,0,1
-0.22763,0.086613,-0.96989,-11.943,0.02514,0.99623,0.083065,-6.1502,0.97342,-0.005475,-0.22895,299.8,0,0,0,1
-0.2916,0.091147,-0.95219,-12.403,0.030227,0.99583,0.086068,-6.1235,0.95606,-0.0036839,-0.29314,299.63,0,0,0,1
-0.35313,0.093636,-0.93088,-12.86,0.034851,0.9956,0.086927,-6.0948,0.93493,-0.0017453,-0.35484,299.43,0,0,0,1
-0.41225,0.094495,-0.90616,-13.311,0.039332,0.99553,0.08592,-6.0638,0.91022,-0.00022052,-0.41412,299.14,0,0,0,1
-0.46776,0.094545,-0.87879,-13.763,0.042794,0.99552,0.084326,-6.0284,0.88282,0.0018371,-0.46971,298.87,0,0,0,1
-0.51959,0.094664,-0.84915,-14.213,0.045941,0.9955,0.082868,-5.9898,0.85318,0.0040471,-0.52161,298.52,0,0,0,1
-0.5661,0.094801,-0.81886,-14.663,0.048528,0.99547,0.081699,-5.9501,0.8229,0.0065122,-0.56814,298.18,0,0,0,1
-0.60712,0.095612,-0.78884,-15.116,0.050497,0.99537,0.081781,-5.9135,0.793,0.0098172,-0.60914,297.8,0,0,0,1
-0.64441,0.09891,-0.75826,-15.569,0.055338,0.99503,0.082766,-5.872,0.76267,0.011375,-0.64668,297.36,0,0,0,1
-0.68092,0.10563,-0.7247,-16.024,0.064362,0.99435,0.084463,-5.8309,0.72953,0.010869,-0.68386,296.92,0,0,0,1
-0.71641,0.11142,-0.68872,-16.471,0.071742,0.9937,0.086133,-5.7835,0.69398,0.012297,-0.71989,296.4,0,0,0,1
-0.74928,0.11348,-0.65246,-16.904,0.075932,0.99343,0.085579,-5.7377,0.65788,0.01458,-0.75298,295.88,0,0,0,1
-0.77974,0.11018,-0.61633,-17.322,0.076432,0.99378,0.080967,-5.6924,0.62142,0.016026,-0.78331,295.28,0,0,0,1
-0.80723,0.10736,-0.58039,-17.729,0.078403,0.99411,0.074845,-5.6455,0.585,0.014913,-0.81089,294.68,0,0,0,1
-0.83237,0.10244,-0.54467,-18.123,0.077728,0.99463,0.068289,-5.5963,0.54874,0.014506,-0.83587,294.05,0,0,0,1
-0.85505,0.099719,-0.50886,-18.505,0.078903,0.99493,0.062389,-5.5508,0.5125,0.013195,-0.85858,293.35,0,0,0,1
-0.87576,0.097833,-0.47272,-18.872,0.078503,0.99508,0.060504,-5.5094,0.47631,0.015877,-0.87913,292.64,0,0,0,1
-0.89543,0.094453,-0.43507,-19.214,0.076708,0.99535,0.058213,-5.4729,0.43854,0.018752,-0.89851,291.86,0,0,0,1
-0.91302,0.093618,-0.39703,-19.539,0.077944,0.99541,0.055473,-5.4355,0.40041,0.019701,-0.91613,291.08,0,0,0,1
-0.92881,0.095588,-0.35801,-19.845,0.081619,0.9952,0.053969,-5.3972,0.36145,0.020907,-0.93216,290.24,0,0,0,1
-0.9426,0.099212,-0.31884,-20.129,0.086846,0.99482,0.052807,-5.3647,0.32243,0.022086,-0.94634,289.39,0,0,0,1
-0.9547,0.099695,-0.28038,-20.382,0.088263,0.99468,0.053141,-5.3305,0.28418,0.025987,-0.95842,288.5,0,0,0,1
-0.96462,0.10264,-0.24284,-20.613,0.092559,0.99432,0.052579,-5.2961,0.24686,0.028242,-0.96864,287.57,0,0,0,1
-0.97318,0.10199,-0.20621,-20.812,0.093287,0.99431,0.051514,-5.265,0.21029,0.030896,-0.97715,286.62,0,0,0,1
-0.97998,0.10022,-0.17201,-20.977,0.093676,0.99455,0.04576,-5.2319,0.17565,0.028731,-0.98403,285.63,0,0,0,1
-0.98536,0.098838,-0.13888,-21.117,0.093991,0.99473,0.041055,-5.1982,0.14221,0.0274,-0.98946,284.63,0,0,0,1
-0.9894,0.098011,-0.10716,-21.227,0.094243,0.99476,0.039693,-5.1696,0.11049,0.029173,-0.99345,283.59,0,0,0,1
-0.99243,0.096225,-0.076288,-21.307,0.093518,0.99488,0.038309,-5.1433,0.079584,0.030885,-0.99635,282.52,0,0,0,1
-0.99437,0.094834,-0.047356,-21.359,0.093164,0.99499,0.036309,-5.1182,0.050562,0.031692,-0.99822,281.43,0,0,0,1
-0.99524,0.09527,-0.020712,-21.384,0.094534,0.99494,0.034043,-5.0921,0.02385,0.031922,-0.99921,280.31,0,0,0,1
-0.99575,0.091963,0.0044011,-21.377,0.09206,0.99516,0.034403,-5.0686,-0.001216,0.034662,-0.9994,279.17,0,0,0,1
-0.99554,0.090144,0.027897,-21.346,0.091076,0.99526,0.034148,-5.0442,-0.024687,0.036537,-0.99903,278.01,0,0,0,1
-0.995,0.087442,0.048283,-21.29,0.089068,0.99549,0.032632,-5.0215,-0.045212,0.036769,-0.9983,276.83,0,0,0,1
-0.99447,0.082744,0.064654,-21.209,0.084787,0.99596,0.029519,-5.0014,-0.06195,0.034838,-0.99747,275.64,0,0,0,1
-0.994,0.077667,0.077032,-21.112,0.080021,0.9964,0.027959,-4.9832,-0.074584,0.033956,-0.99664,274.43,0,0,0,1
-0.99372,0.072834,0.084972,-21.002,0.075554,0.99671,0.029234,-4.9654,-0.082564,0.03547,-0.99595,273.21,0,0,0,1
-0.99363,0.069235,0.08891,-20.886,0.072245,0.9969,0.031097,-4.9469,-0.086481,0.037322,-0.99555,271.96,0,0,0,1
-0.99373,0.067438,0.089162,-20.777,0.070313,0.99709,0.02951,-4.9275,-0.086913,0.035594,-0.99558,270.7,0,0,0,1
-0.99406,0.06528,0.087107,-20.666,0.067972,0.99729,0.028299,-4.9061,-0.085024,0.034052,-0.9958,269.43,0,0,0,1
-0.99431,0.064651,0.084719,-20.555,0.067342,0.9973,0.029295,-4.8834,-0.082596,0.034834,-0.99597,268.14,0,0,0,1
-0.99459,0.06358,0.082164,-20.448,0.066268,0.99734,0.03041,-4.8618,-0.080012,0.035691,-0.99615,266.83,0,0,0,1
-0.99492,0.063162,0.078358,-20.346,0.065774,0.99735,0.031209,-4.8385,-0.076179,0.036204,-0.99644,265.51,0,0,0,1
-0.99542,0.061536,0.07321,-20.25,0.06409,0.9974,0.033056,-4.8177,-0.070985,0.037596,-0.99677,264.18,0,0,0,1
-0.99584,0.060983,0.067652,-20.156,0.063488,0.99735,0.03551,-4.7995,-0.065308,0.039658,-0.99708,262.85,0,0,0,1
