1,-1.1976e-11,-1.7046e-10,1.1976e-11,1,-3.5625e-10,1.7046e-10,3.5625e-10,1
1,0.0028722,0.000684,-0.0028737,0.99999,0.0021903,-0.0006777,-0.0021923,1
0.99998,0.0055877,0.0015627,-0.0055926,0.99998,0.0031904,-0.0015449,-0.003199,0.99999
0.99997,0.0069212,0.0023551,-0.0069284,0.99997,0.0030501,-0.0023339,-0.0030664,0.99999
0.99996,0.0088915,0.0027954,-0.0088998,0.99996,0.0029785,-0.0027688,-0.0030033,0.99999
0.99995,0.0090518,0.0036091,-0.0090627,0.99995,0.0030369,-0.0035815,-0.0030695,0.99999
0.99995,0.0093442,0.0043936,-0.0093633,0.99995,0.0043496,-0.0043528,-0.0043905,0.99998
0.99994,0.010024,0.0054111,-0.010063,0.99992,0.0072173,-0.0053383,-0.0072713,0.99996
0.99993,0.0098563,0.0070852,-0.0099364,0.99989,0.011359,-0.0069724,-0.011429,0.99991
0.99992,0.009036,0.0085447,-0.0091644,0.99984,0.015107,-0.0084069,-0.015184,0.99985
0.99992,0.0081844,0.0097796,-0.0083564,0.99981,0.017681,-0.009633,-0.017762,0.9998
0.9999,0.0085694,0.011317,-0.0087717,0.9998,0.017948,-0.011161,-0.018045,0.99977
0.99987,0.0097392,0.01282,-0.0099426,0.99982,0.0159,-0.012663,-0.016026,0.99979
0.99985,0.0097054,0.014037,-0.0098836,0.99987,0.012682,-0.013912,-0.012818,0.99982
0.99984,0.0083916,0.015862,-0.0085734,0.9999,0.011428,-0.015764,-0.011563,0.99981
0.99983,0.0047309,0.017864,-0.0048974,0.99994,0.0092878,-0.017819,-0.0093737,0.9998
0.9998,0.0023718,0.019804,-0.0025299,0.99997,0.0079663,-0.019785,-0.0080148,0.99977
0.99973,0.006671,0.022168,-0.0068149,0.99996,0.0064206,-0.022124,-0.00657,0.99973
0.99962,0.011303,0.025323,-0.01145,0.99992,0.0056481,-0.025257,-0.0059359,0.99966
0.99951,0.012176,0.028807,-0.01237,0.9999,0.006541,-0.028724,-0.0068941,0.99956
0.99946,0.0080774,0.031997,-0.0083127,0.99994,0.0072269,-0.031936,-0.0074889,0.99946
0.9994,0.0029214,0.034529,-0.0031489,0.99997,0.0065378,-0.034509,-0.0066426,0.99938
0.99931,-0.00062705,0.037039,0.00032587,0.99997,0.0081369,-0.037043,-0.0081193,0.99928
0.99921,-0.0010287,0.03972,0.00065236,0.99995,0.0094875,-0.039728,-0.0094541,0.99917
0.99913,-0.0002085,0.041767,-0.00013958,0.99997,0.0083307,-0.041767,-0.0083293,0.99909
0.99903,0.00062136,0.04404,-0.00091658,0.99998,0.0066836,-0.044035,-0.0067175,0.99901
0.99891,0.0028134,0.046645,-0.0030786,0.99998,0.0056152,-0.046628,-0.0057527,0.9989
0.99881,0.0057434,0.048408,-0.0060049,0.99997,0.0052572,-0.048376,-0.0055417,0.99881
0.99874,0.0074229,0.049687,-0.0076277,0.99996,0.0039342,-0.049656,-0.0043082,0.99876
0.99864,0.0066355,0.051629,-0.0067499,0.99998,0.0020417,-0.051614,-0.0023874,0.99866
0.99858,0.0053601,0.053093,-0.0053906,0.99999,0.00043191,-0.053089,-0.0007175,0.99859
0.99852,0.0045485,0.05417,-0.004516,0.99999,-0.00072164,-0.054173,0.00047594,0.99853
0.99844,0.0052706,0.055639,-0.0051625,0.99998,-0.0020852,-0.055649,0.0017948,0.99845
0.99836,0.0063026,0.056925,-0.0060705,0.99997,-0.0042491,-0.05695,0.0038966,0.99837
0.99831,0.0064432,0.057706,-0.0060784,0.99996,-0.0064945,-0.057746,0.0061328,0.99831
0.99828,0.005677,0.058408,-0.0051726,0.99995,-0.0087831,-0.058455,0.0084658,0.99825
0.9983,0.0047803,0.058021,-0.004162,0.99993,-0.010771,-0.058069,0.010512,0.99826
0.99842,0.0042802,0.055957,-0.0036121,0.99992,-0.012034,-0.056004,0.011813,0.99836
0.99859,0.0044433,0.052947,-0.0037586,0.99991,-0.013024,-0.053,0.012807,0.99851
0.99879,0.0050775,0.048904,-0.0043883,0.99989,-0.014191,-0.048971,0.013959,0.9987
0.99905,0.0054102,0.04323,-0.0047506,0.99987,-0.015347,-0.043308,0.015127,0.99895
0.99932,0.0053337,0.036575,-0.0047458,0.99986,-0.016141,-0.036656,0.015956,0.9992
0.99955,0.0054524,0.029345,-0.0049556,0.99984,-0.016976,-0.029433,0.016823,0.99943
0.99976,0.0056625,0.021201,-0.0052807,0.99982,-0.018025,-0.021299,0.017909,0.99961
0.99993,0.0045739,0.011199,-0.0043569,0.9998,-0.019324,-0.011285,0.019274,0.99975
0.99999,0.0032065,-0.0017258,-0.0032421,0.99977,-0.021026,0.001658,0.021032,0.99978
0.99984,0.0023982,-0.017575,-0.0028031,0.99973,-0.023047,0.017515,0.023092,0.99958
0.99931,0.002905,-0.036978,-0.0037968,0.9997,-0.024069,0.036897,0.024193,0.99903
0.99826,0.003776,-0.058766,-0.0051798,0.9997,-0.023755,0.058659,0.024018,0.99799
0.9966,0.004492,-0.082329,-0.0063637,0.99973,-0.022486,0.082206,0.022933,0.99635
0.99402,0.0055204,-0.10902,-0.0078415,0.99975,-0.020873,0.10888,0.021603,0.99382
0.99027,0.0068376,-0.13896,-0.0095416,0.99978,-0.018801,0.1388,0.019944,0.99012
0.98505,0.0070413,-0.17211,-0.0098282,0.99983,-0.015346,0.17198,0.016808,0.98496
0.97792,0.0081298,-0.20881,-0.010741,0.99988,-0.011376,0.20869,0.013368,0.97789
0.96858,0.0096483,-0.24852,-0.011444,0.99992,-0.00578,0.24845,0.0084423,0.96861
0.95695,0.013681,-0.28993,-0.014599,0.99989,-0.0010056,0.28988,0.005195,0.95705
0.94314,0.017323,-0.33195,-0.017158,0.99985,0.0034284,0.33196,0.002462,0.94329
0.92681,0.020168,-0.37498,-0.018122,0.9998,0.0089836,0.37509,-0.0015307,0.92699
0.90787,0.023657,-0.41858,-0.018266,0.99969,0.01688,0.41885,-0.007679,0.90802
0.88643,0.028259,-0.462,-0.019447,0.99953,0.023825,0.46246,-0.012134,0.88656
0.86208,0.033404,-0.50567,-0.021992,0.99935,0.028525,0.5063,-0.01347,0.86225
0.83461,0.036944,-0.5496,-0.023044,0.99922,0.032173,0.55036,-0.014187,0.83481
0.80422,0.040616,-0.59294,-0.025634,0.9991,0.033669,0.59378,-0.011878,0.80454
0.77111,0.043373,-0.63522,-0.026097,0.99899,0.036532,0.63616,-0.011593,0.77147
0.73469,0.047072,-0.67677,-0.027051,0.99883,0.040107,0.67787,-0.011159,0.7351
0.69631,0.048866,-0.71607,-0.025392,0.99873,0.043465,0.71729,-0.012083,0.69667
0.65604,0.048953,-0.75313,-0.022713,0.99872,0.045131,0.75438,-0.012502,0.65632
0.61387,0.048233,-0.78793,-0.017816,0.99872,0.047255,0.7892,-0.014971,0.61395
0.56959,0.048481,-0.8205,-0.013003,0.99867,0.049982,0.82183,-0.0178,0.56946
0.5234,0.050164,-0.85061,-0.011137,0.99858,0.052038,0.85202,-0.017764,0.52322
0.47445,0.049802,-0.87887,-0.010073,0.99864,0.051151,0.88023,-0.015416,0.4743
0.42241,0.048858,-0.90509,-0.0049577,0.99866,0.051595,0.90639,-0.017307,0.42208
0.36911,0.048747,-0.92811,0.00024899,0.99862,0.05255,0.92939,-0.019628,0.36859
0.31533,0.046931,-0.94782,0.0038249,0.99871,0.050723,0.94898,-0.01962,0.31474
0.26217,0.052078,-0.96362,0.0045847,0.99846,0.055209,0.96501,-0.018892,0.26153
0.21081,0.058024,-0.9758,0.0070001,0.99812,0.060863,0.9775,-0.019661,0.21001
0.16198,0.059285,-0.98501,0.013137,0.99798,0.062225,0.98671,-0.023019,0.16087
0.11734,0.061234,-0.9912,0.015866,0.99785,0.063523,0.99297,-0.02318,0.11612
0.076461,0.060354,-0.99524,0.015608,0.99797,0.061718,0.99695,-0.020253,0.075364
0.040643,0.055833,-0.99761,0.014159,0.99831,0.056449,0.99907,-0.016419,0.039784
0.011259,0.05492,-0.99843,0.011738,0.99841,0.055051,0.99987,-0.012339,0.010596
-0.010258,0.059457,-0.99818,0.010181,0.99819,0.059352,0.9999,-0.0095534,-0.010844
-0.023706,0.065556,-0.99757,0.011151,0.9978,0.065307,0.99966,-0.0095758,-0.024385
-0.031989,0.068797,-0.99712,0.011331,0.99759,0.068466,0.99942,-0.0091087,-0.032691
-0.036082,0.06638,-0.99714,0.012476,0.99774,0.065969,0.99927,-0.01006,-0.036828
-0.035719,0.062633,-0.9974,0.018276,0.99791,0.062011,0.99919,-0.016014,-0.036789
-0.031645,0.060083,-0.99769,0.031286,0.99776,0.059095,0.99901,-0.029344,-0.033454
-0.026179,0.060341,-0.99783,0.032527,0.9977,0.059479,0.99913,-0.030899,-0.028081
-0.020678,0.059741,-0.998,0.029239,0.99782,0.059125,0.99936,-0.027958,-0.02238
-0.017616,0.053093,-0.99843,0.034247,0.99804,0.052467,0.99926,-0.033269,-0.0194
-0.015671,0.04256,-0.99897,0.032413,0.99859,0.042035,0.99935,-0.031721,-0.017029
-0.014781,0.034653,-0.99929,0.024532,0.99911,0.034284,0.99959,-0.024008,-0.015618
-0.016172,0.030886,-0.99939,0.018996,0.99935,0.030577,0.99969,-0.01849,-0.016748
-0.019637,0.037438,-0.99911,0.010323,0.99925,0.037241,0.99975,-0.0095823,-0.020008
-0.024047,0.045288,-0.99868,0.00346,0.99897,0.045218,0.9997,-0.0023681,-0.024178
-0.028945,0.054705,-0.99808,0.0027616,0.9985,0.054648,0.99958,-0.0011745,-0.029052
-0.030899,0.064322,-0.99745,0.0014071,0.99793,0.064309,0.99952,0.00058351,-0.030925
-0.032002,0.073284,-0.9968,0.0026733,0.99731,0.073236,0.99948,-0.00032101,-0.032111
-0.033284,0.074924,-0.99663,0.0045883,0.99719,0.074812,0.99944,-0.0020828,-0.033534
-0.035294,0.071459,-0.99682,0.0031268,0.99744,0.071393,0.99937,-0.00059706,-0.035428
-0.03776,0.067018,-0.99704,0.0029637,0.99775,0.066954,0.99928,-0.00042669,-0.037874
-0.042521,0.062064,-0.99717,0.0032748,0.99807,0.061981,0.99909,-0.00063005,-0.042642
-0.048296,0.057002,-0.99721,0.0032888,0.99837,0.056909,0.99883,-0.00053107,-0.048405
-0.054932,0.054319,-0.99701,0.0025888,0.99852,0.054259,0.99849,0.0003995,-0.054992
-0.061393,0.057617,-0.99645,0.0029003,0.99834,0.057548,0.99811,0.00064306,-0.061458
-0.068112,0.062864,-0.9957,0.0019808,0.99802,0.062875,0.99768,0.0023103,-0.068102
-0.074156,0.066027,-0.99506,-0.00094703,0.9978,0.066279,0.99725,0.0058574,-0.07393
-0.079205,0.067852,-0.99455,-0.0035829,0.99766,0.068349,0.99685,0.008977,-0.078776
-0.082065,0.069648,-0.99419,-0.0081856,0.99747,0.070554,0.99659,0.013928,-0.081288
-0.083715,0.070837,-0.99397,-0.012396,0.99732,0.07212,0.99641,0.018359,-0.082612
-0.085419,0.070712,-0.99383,-0.013827,0.9973,0.072147,0.99625,0.019904,-0.084211
-0.08686,0.069748,-0.99378,-0.014121,0.99736,0.071234,0.99612,0.02022,-0.085646
-0.087946,0.068928,-0.99374,-0.015248,0.99739,0.070531,0.99601,0.021356,-0.086666
-0.088932,0.068414,-0.99369,-0.017545,0.99738,0.070238,0.99588,0.02368,-0.087498
-0.089953,0.066205,-0.99374,-0.021514,0.99743,0.068398,0.99571,0.027532,-0.088297
-0.090494,0.061275,-0.99401,-0.026909,0.99759,0.063945,0.99553,0.032535,-0.088627
-0.089913,0.059909,-0.99415,-0.029341,0.9976,0.062771,0.99552,0.034813,-0.087939
-0.088283,0.063555,-0.99407,-0.030332,0.99733,0.066457,0.99563,0.036019,-0.08612
-0.086683,0.068114,-0.9939,-0.031372,0.99698,0.071061,0.99574,0.037341,-0.084284
-0.085495,0.067065,-0.99408,-0.028429,0.99716,0.069718,0.99593,0.034222,-0.083345
-0.083645,0.066404,-0.99428,-0.027744,0.99724,0.068936,0.99611,0.033351,-0.081572
-0.080178,0.067215,-0.99451,-0.032037,0.99703,0.069969,0.99627,0.037471,-0.077787
-0.075357,0.067752,-0.99485,-0.037485,0.99679,0.070723,0.99645,0.042622,-0.072576
-0.070082,0.067587,-0.99525,-0.041401,0.99665,0.070597,0.99668,0.046152,-0.067049
-0.065027,0.066926,-0.99564,-0.043189,0.99662,0.069813,0.99695,0.047541,-0.061917
-0.05981,0.065728,-0.99604,-0.042872,0.99674,0.068348,0.99729,0.04679,-0.056797
-0.054948,0.065897,-0.99631,-0.041372,0.99681,0.068212,0.99763,0.044967,-0.052046
-0.050223,0.06619,-0.99654,-0.04057,0.99684,0.068254,0.99791,0.043858,-0.047379
-0.045001,0.067822,-0.99668,-0.039283,0.9968,0.069604,0.99821,0.042284,-0.042193
-0.040236,0.068419,-0.99684,-0.04063,0.99672,0.070051,0.99836,0.043321,-0.037324
-0.035167,0.069056,-0.99699,-0.040561,0.99669,0.070466,0.99856,0.042917,-0.03225
-0.030524,0.064262,-0.99747,-0.040191,0.99705,0.065465,0.99873,0.042088,-0.027851
-0.026404,0.058909,-0.99791,-0.039915,0.9974,0.059935,0.99885,0.041414,-0.023984
-0.023215,0.057372,-0.99808,-0.03984,0.99751,0.058265,0.99894,0.041116,-0.020872
-0.020345,0.060368,-0.99797,-0.039736,0.99734,0.06114,0.999,0.0409,-0.017892
-0.018692,0.060433,-0.998,-0.03948,0.99735,0.061133,0.99905,0.040544,-0.016256
-0.018098,0.059852,-0.99804,-0.04127,0.99731,0.060557,0.99898,0.042285,-0.015579
-0.017705,0.060954,-0.99798,-0.042678,0.99718,0.061662,0.99893,0.043683,-0.015054
-0.016867,0.060966,-0.998,-0.04337,0.99716,0.061648,0.99892,0.044323,-0.014175
-0.015957,0.058825,-0.99814,-0.043947,0.99726,0.059475,0.99891,0.044815,-0.013328
-0.015548,0.057597,-0.99822,-0.042295,0.99741,0.058209,0.99898,0.043125,-0.013072
-0.015435,0.05764,-0.99822,-0.038515,0.99756,0.058197,0.99914,0.039344,-0.013177
-0.015606,0.057773,-0.99821,-0.036596,0.99763,0.058312,0.99921,0.037441,-0.013454
-0.015584,0.060455,-0.99805,-0.035882,0.99749,0.060981,0.99923,0.036763,-0.013376
-0.015626,0.064412,-0.9978,-0.038519,0.99714,0.064973,0.99914,0.039449,-0.0131
-0.015204,0.064638,-0.99779,-0.040899,0.99703,0.065212,0.99905,0.0418,-0.012515
-0.015128,0.062312,-0.99794,-0.041851,0.99714,0.062896,0.99901,0.042716,-0.012477
-0.015148,0.059796,-0.9981,-0.041898,0.9973,0.060384,0.99901,0.042733,-0.012602
-0.015441,0.059272,-0.99812,-0.039788,0.99741,0.059845,0.99909,0.040637,-0.013042
-0.015483,0.060948,-0.99802,-0.038175,0.99738,0.061501,0.99915,0.039051,-0.013115
-0.015291,0.063672,-0.99785,-0.037461,0.99723,0.064207,0.99918,0.038363,-0.012863
-0.01493,0.066005,-0.99771,-0.03793,0.99706,0.06653,0.99917,0.038836,-0.012382
-0.014944,0.066641,-0.99767,-0.039541,0.99696,0.067186,0.99911,0.040452,-0.012263
-0.014832,0.064573,-0.9978,-0.039048,0.99711,0.065109,0.99913,0.039928,-0.012268
-0.014732,0.062913,-0.99791,-0.037388,0.99729,0.063426,0.99919,0.038244,-0.012339
-0.014792,0.063759,-0.99786,-0.035769,0.99729,0.064254,0.99925,0.036643,-0.012472
-0.014757,0.066919,-0.99765,-0.033803,0.99715,0.067386,0.99932,0.034718,-0.012453
-0.014589,0.069495,-0.99748,-0.032296,0.99703,0.069937,0.99937,0.033234,-0.012301
-0.014338,0.070882,-0.99738,-0.032944,0.99691,0.071322,0.99935,0.033881,-0.011958
-0.014109,0.072859,-0.99724,-0.035183,0.99669,0.073316,0.99928,0.03612,-0.011499
-0.014107,0.072171,-0.99729,-0.037855,0.99664,0.072659,0.99918,0.038778,-0.011327
-0.013933,0.068653,-0.99754,-0.040477,0.99678,0.069166,0.99908,0.041341,-0.01111
-0.013782,0.067215,-0.99764,-0.042383,0.9968,0.067744,0.99901,0.043217,-0.010889
-0.013898,0.065586,-0.99775,-0.041899,0.99693,0.066116,0.99903,0.042724,-0.011107
-0.013821,0.064192,-0.99784,-0.04051,0.99708,0.064704,0.99908,0.041317,-0.011181
-0.013944,0.066109,-0.99771,-0.039975,0.99698,0.066619,0.9991,0.040813,-0.011259
-0.013765,0.06909,-0.99752,-0.03883,0.99682,0.069578,0.99915,0.039691,-0.011039
-0.014454,0.068062,-0.99758,-0.04248,0.99674,0.068621,0.99899,0.043369,-0.011516
-0.015115,0.069184,-0.99749,-0.047161,0.99644,0.069826,0.99877,0.048098,-0.011799
-0.015325,0.068267,-0.99755,-0.050374,0.99635,0.068958,0.99861,0.051307,-0.01183
-0.015468,0.064863,-0.99777,-0.051085,0.99654,0.065574,0.99857,0.051986,-0.012101
-0.01619,0.060372,-0.99804,-0.051408,0.9968,0.061131,0.99855,0.052298,-0.013035
-0.016975,0.059625,-0.99808,-0.048141,0.99701,0.060381,0.9987,0.049073,-0.014054
-0.017524,0.059375,-0.99808,-0.043723,0.99723,0.060092,0.99889,0.044692,-0.014879
-0.018117,0.060649,-0.99799,-0.042515,0.99721,0.061373,0.99893,0.043541,-0.015488
-0.018864,0.0648,-0.99772,-0.042065,0.99696,0.065546,0.99894,0.043205,-0.016081
-0.019569,0.065239,-0.99768,-0.040479,0.997,0.065989,0.99899,0.041676,-0.016869
-0.020041,0.060889,-0.99794,-0.040185,0.99729,0.061657,0.99899,0.041338,-0.01754
-0.020772,0.056882,-0.99816,-0.040362,0.99752,0.057685,0.99897,0.041486,-0.018425
-0.021825,0.055415,-0.99822,-0.039728,0.99763,0.05625,0.99897,0.040885,-0.019572
-0.022361,0.056443,-0.99816,-0.040843,0.99752,0.057322,0.99892,0.042049,-0.02
-0.022979,0.061047,-0.99787,-0.045684,0.99703,0.062047,0.99869,0.047012,-0.020121
-0.023371,0.064855,-0.99762,-0.051603,0.99649,0.06599,0.99839,0.053022,-0.019942
-0.023527,0.064434,-0.99764,-0.05867,0.99611,0.065719,0.998,0.060078,-0.019655
-0.023365,0.062274,-0.99779,-0.062245,0.99603,0.063622,0.99779,0.063593,-0.019396
-0.023891,0.060987,-0.99785,-0.064151,0.99599,0.062409,0.99765,0.065504,-0.019883
-0.024508,0.060936,-0.99784,-0.064818,0.99594,0.062413,0.9976,0.066208,-0.020459
-0.02508,0.059856,-0.99789,-0.062543,0.99616,0.061323,0.99773,0.06395,-0.02124
-0.02559,0.060191,-0.99786,-0.062624,0.99613,0.061693,0.99771,0.064069,-0.021722
-0.026328,0.065247,-0.99752,-0.062466,0.99581,0.066783,0.9977,0.06407,-0.022142
-0.027113,0.070251,-0.99716,-0.061799,0.9955,0.071815,0.99772,0.063571,-0.02265
-0.027339,0.068366,-0.99729,-0.061755,0.99564,0.069946,0.99772,0.063499,-0.022997
-0.026829,0.06672,-0.99741,-0.061772,0.99575,0.068271,0.99773,0.063443,-0.022594
-0.025797,0.066861,-0.99743,-0.061134,0.99579,0.068332,0.9978,0.062739,-0.021601
-0.025029,0.066091,-0.9975,-0.061464,0.99582,0.067522,0.9978,0.063,-0.020862
-0.024365,0.067441,-0.99743,-0.061158,0.99575,0.068822,0.99783,0.062678,-0.020137
-0.023631,0.07168,-0.99715,-0.062501,0.99537,0.073034,0.99777,0.064048,-0.019041
-0.022331,0.07307,-0.99708,-0.063987,0.99518,0.074363,0.9977,0.065461,-0.017548
-0.021479,0.070448,-0.99728,-0.06634,0.99522,0.071731,0.99757,0.067701,-0.016703
-0.021341,0.067029,-0.99752,-0.065264,0.99553,0.068291,0.99764,0.06656,-0.016871
-0.021398,0.065373,-0.99763,-0.062428,0.99583,0.066594,0.99782,0.063705,-0.017228
-0.021627,0.064893,-0.99766,-0.061185,0.99593,0.066107,0.99789,0.062472,-0.017569
-0.021806,0.065009,-0.99765,-0.05841,0.9961,0.066185,0.99805,0.059716,-0.017923
-0.021999,0.064331,-0.99769,-0.056211,0.99627,0.06548,0.99818,0.057522,-0.018301
-0.021791,0.064412,-0.99769,-0.055782,0.99629,0.06554,0.99821,0.057081,-0.018117
-0.022007,0.066422,-0.99755,-0.053059,0.99631,0.06751,0.99835,0.054415,-0.018402
-0.022293,0.068119,-0.99743,-0.050659,0.99632,0.069176,0.99847,0.05207,-0.01876
-0.022366,0.066668,-0.99752,-0.048183,0.99654,0.067683,0.99859,0.049577,-0.019077
-0.022998,0.066808,-0.9975,-0.049291,0.99648,0.067876,0.99852,0.050729,-0.019624
-0.022967,0.071593,-0.99717,-0.049888,0.99611,0.072666,0.99849,0.051415,-0.019306
-0.022828,0.078009,-0.99669,-0.055487,0.99532,0.079173,0.9982,0.05711,-0.018392
-0.021481,0.078512,-0.99668,-0.06006,0.99501,0.079675,0.99796,0.061573,-0.016658
-0.020216,0.074508,-0.99702,-0.063921,0.99508,0.07566,0.99775,0.06526,-0.015354
-0.018612,0.069351,-0.99742,-0.065733,0.99535,0.070434,0.99766,0.066874,-0.013967
-0.01788,0.066945,-0.9976,-0.068242,0.99535,0.068017,0.99751,0.069294,-0.013228
-0.01692,0.065211,-0.99773,-0.064004,0.99575,0.066167,0.99781,0.064978,-0.012675
-0.01675,0.059804,-0.99807,-0.059783,0.99636,0.060705,0.99807,0.060684,-0.013113
-0.016877,0.05816,-0.99816,-0.054419,0.99677,0.058999,0.99838,0.055315,-0.013657
-0.017812,0.05875,-0.99811,-0.050928,0.99692,0.059589,0.99854,0.051893,-0.014765
-0.017354,0.066638,-0.99763,-0.051482,0.99639,0.067451,0.99852,0.052531,-0.013861
-0.015833,0.069575,-0.99745,-0.053618,0.99608,0.07033,0.99844,0.054595,-0.01204
-0.013959,0.066272,-0.9977,-0.054257,0.99628,0.066936,0.99843,0.055067,-0.010311
-0.013135,0.065212,-0.99778,-0.056235,0.99624,0.065852,0.99833,0.056976,-0.0094188
-0.012255,0.067442,-0.99765,-0.055192,0.99616,0.068019,0.9984,0.055895,-0.0084861
-0.011581,0.065907,-0.99776,-0.054435,0.9963,0.066443,0.99845,0.055082,-0.0079503
-0.0099647,0.064273,-0.99788,-0.054551,0.99641,0.064723,0.99846,0.05508,-0.0064228
-0.0083888,0.065803,-0.9978,-0.05633,0.99622,0.066172,0.99838,0.056761,-0.0046504
-0.0069425,0.067807,-0.99767,-0.056479,0.99608,0.068092,0.99838,0.05682,-0.0030856
-0.0065403,0.069373,-0.99757,-0.057187,0.99593,0.069634,0.99834,0.057503,-0.0025465
-0.0063044,0.070839,-0.99747,-0.057761,0.9958,0.071085,0.99831,0.058063,-0.0021862
-0.00636,0.072072,-0.99738,-0.056764,0.99576,0.072318,0.99837,0.057076,-0.0022419
-0.0061127,0.071297,-0.99744,-0.057065,0.9958,0.07153,0.99835,0.057356,-0.0020184
-0.0047437,0.071249,-0.99745,-0.057847,0.99577,0.071405,0.99831,0.058038,-0.00060205
-0.0031716,0.071399,-0.99744,-0.058632,0.99572,0.071462,0.99827,0.058709,0.0010283
-0.0037783,0.069978,-0.99754,-0.057709,0.99587,0.070079,0.99833,0.057832,0.00027559
-0.0067113,0.067268,-0.99771,-0.055057,0.9962,0.067536,0.99846,0.055384,-0.0029822
-0.01165,0.06389,-0.99789,-0.054475,0.99643,0.064433,0.99845,0.055111,-0.0081285
-0.016589,0.060738,-0.99802,-0.05608,0.99653,0.06158,0.99829,0.056991,-0.013125
-0.020718,0.059436,-0.99802,-0.057931,0.99648,0.060548,0.99811,0.05907,-0.017202
-0.023609,0.060264,-0.9979,-0.059807,0.99631,0.061583,0.99793,0.061136,-0.019918
-0.025506,0.061661,-0.99777,-0.059073,0.99626,0.063077,0.99793,0.06055,-0.021769
-0.027179,0.063625,-0.9976,-0.055901,0.99631,0.065066,0.99807,0.057536,-0.023522
-0.028503,0.064205,-0.99753,-0.054418,0.99636,0.065685,0.99811,0.056155,-0.024905
-0.029522,0.063496,-0.99755,-0.054461,0.9964,0.065035,0.99808,0.056247,-0.025957
-0.030314,0.062206,-0.9976,-0.055935,0.99639,0.06383,0.99797,0.057736,-0.026725
-0.030309,0.061543,-0.99764,-0.059957,0.99619,0.063275,0.99774,0.061733,-0.026503
-0.029542,0.0596,-0.99779,-0.062522,0.99616,0.061354,0.99761,0.064196,-0.025702
-0.028625,0.05721,-0.99795,-0.063144,0.99626,0.058924,0.99759,0.064701,-0.024905
-0.028086,0.054284,-0.99813,-0.062844,0.99645,0.055961,0.99763,0.064298,-0.024575
-0.027274,0.053937,-0.99817,-0.062843,0.99648,0.055562,0.99765,0.064243,-0.023788
-0.026736,0.056247,-0.99806,-0.061051,0.99646,0.057793,0.99778,0.062477,-0.023207
-0.026761,0.058712,-0.99792,-0.060441,0.99635,0.060241,0.99781,0.061927,-0.023114
-0.025816,0.05576,-0.99811,-0.056005,0.99679,0.057135,0.9981,0.057375,-0.02261
-0.025986,0.050769,-0.99837,-0.053139,0.99723,0.052094,0.99825,0.054407,-0.023216
-0.025438,0.051768,-0.99834,-0.05703,0.99696,0.053149,0.99805,0.058288,-0.022408
-0.024006,0.055158,-0.99819,-0.059445,0.99663,0.056502,0.99794,0.060693,-0.020646
-0.022059,0.055755,-0.9982,-0.057446,0.99672,0.056942,0.9981,0.058598,-0.018784
-0.019818,0.056106,-0.99823,-0.055414,0.99683,0.057128,0.99827,0.056448,-0.016646
-0.018068,0.060903,-0.99798,-0.056841,0.99647,0.061839,0.99822,0.057843,-0.014543
-0.016245,0.065332,-0.99773,-0.053717,0.99636,0.066117,0.99842,0.054669,-0.012677
-0.014966,0.066224,-0.99769,-0.052726,0.99636,0.066927,0.9985,0.053606,-0.01142
-0.012849,0.066561,-0.9977,-0.055568,0.99619,0.067176,0.99837,0.056304,-0.0091019
-0.0098665,0.0682,-0.99762,-0.058552,0.99592,0.068662,0.99824,0.059091,-0.005833
-0.0062633,0.068945,-0.9976,-0.05979,0.99581,0.069197,0.99819,0.06008,-0.0021148
-0.0031228,0.06658,-0.99778,-0.062739,0.9958,0.066645,0.99803,0.062807,0.0010675
-0.00024762,0.063478,-0.99798,-0.06265,0.99602,0.063369,0.99804,0.062539,0.0037303
0.0014354,0.062042,-0.99807,-0.06172,0.99618,0.061835,0.99809,0.061512,0.0052592
0.0030556,0.064262,-0.99793,-0.062131,0.99602,0.063948,0.99806,0.061807,0.0070361
0.0042433,0.067561,-0.99771,-0.064327,0.99567,0.067149,0.99792,0.063895,0.008571
0.0056425,0.067823,-0.99768,-0.064694,0.99563,0.067318,0.99789,0.064164,0.010006
0.006431,0.064617,-0.99789,-0.06344,0.99593,0.064081,0.99796,0.062894,0.010504
0.0066476,0.061944,-0.99806,-0.060725,0.99626,0.061428,0.99813,0.060199,0.010384
0.006438,0.0605,-0.99815,-0.058604,0.99648,0.06002,0.99826,0.058109,0.0099609
0.006612,0.059756,-0.99819,-0.059266,0.99648,0.059261,0.99822,0.058767,0.01013
0.0069203,0.05938,-0.99821,-0.058647,0.99654,0.058874,0.99825,0.058135,0.010379
0.0066932,0.061099,-0.99811,-0.06132,0.99628,0.060576,0.9981,0.060798,0.010415
0.0063412,0.06284,-0.998,-0.06221,0.99612,0.062326,0.99804,0.06169,0.010226
0.0056665,0.064482,-0.9979,-0.06262,0.99598,0.064003,0.99802,0.062126,0.0096816
0.0050549,0.065963,-0.99781,-0.06328,0.99584,0.065512,0.99798,0.06281,0.009208
0.0042838,0.067832,-0.99769,-0.065559,0.99557,0.067406,0.99784,0.065118,0.0087118
0.0030699,0.066607,-0.99777,-0.068074,0.99548,0.066244,0.99768,0.067719,0.0075902
0.0020762,0.062319,-0.99805,-0.066666,0.99584,0.062042,0.99777,0.066407,0.0062221
0.00067683,0.055713,-0.99845,-0.063666,0.99642,0.055557,0.99797,0.063529,0.0042214
-0.0012063,0.051119,-0.99869,-0.058888,0.99696,0.051101,0.99826,0.058872,0.0018077
-0.0033279,0.050798,-0.9987,-0.052758,0.99731,0.050903,0.9986,0.052859,-0.00063893
-0.0055484,0.055099,-0.99847,-0.04797,0.99732,0.055302,0.99883,0.048203,-0.0028904
-0.0075812,0.057653,-0.99831,-0.045739,0.99727,0.05794,0.99892,0.046101,-0.0049235
-0.0096939,0.056933,-0.99833,-0.043666,0.9974,0.057304,0.999,0.044148,-0.0071827
-0.012001,0.057142,-0.99829,-0.043794,0.99738,0.057616,0.99897,0.044411,-0.0094667
-0.014057,0.058838,-0.99817,-0.04296,0.99731,0.059392,0.99898,0.043717,-0.011492
-0.016308,0.058974,-0.99813,-0.041958,0.99734,0.059613,0.99899,0.042851,-0.013791
-0.018556,0.057464,-0.99818,-0.041916,0.99742,0.0582,0.99895,0.042919,-0.0161
-0.020663,0.056914,-0.99817,-0.041582,0.99747,0.057735,0.99892,0.042699,-0.018244
-0.023104,0.057965,-0.99805,-0.04213,0.99737,0.058901,0.99884,0.043409,-0.020601
-0.025306,0.0586,-0.99796,-0.042525,0.99731,0.05964,0.99877,0.043948,-0.022746
-0.027767,0.059308,-0.99785,-0.043763,0.99721,0.060488,0.99866,0.045348,-0.025094
-0.030152,0.061124,-0.99767,-0.045435,0.99701,0.062457,0.99851,0.047212,-0.027285
-0.031746,0.061733,-0.99759,-0.047035,0.99689,0.063187,0.99839,0.048928,-0.028744
-0.032784,0.062492,-0.99751,-0.049699,0.99671,0.064075,0.99823,0.051675,-0.02957
-0.032726,0.062975,-0.99748,-0.050742,0.99662,0.064585,0.99818,0.052727,-0.02942
-0.032735,0.061712,-0.99756,-0.049593,0.99676,0.06329,0.99823,0.051543,-0.029569
-0.032649,0.059941,-0.99767,-0.046546,0.99703,0.061426,0.99838,0.048443,-0.029761
-0.032724,0.060205,-0.99765,-0.046008,0.99704,0.061677,0.9984,0.047919,-0.029857
-0.032819,0.06105,-0.9976,-0.04576,0.99699,0.062519,0.99841,0.047702,-0.029927
-0.032515,0.060947,-0.99761,-0.04497,0.99704,0.062377,0.99846,0.046891,-0.029678
-0.032018,0.061439,-0.9976,-0.044624,0.99703,0.062836,0.99849,0.046529,-0.029181
-0.031825,0.06306,-0.9975,-0.042332,0.99703,0.06438,0.9986,0.044275,-0.029061
-0.032,0.065002,-0.99737,-0.037617,0.9971,0.066191,0.99878,0.039636,-0.029462
-0.031897,0.068528,-0.99714,-0.034533,0.99698,0.069622,0.99889,0.036655,-0.029434
-0.03174,0.070909,-0.99698,-0.03244,0.99688,0.071935,0.99897,0.034626,-0.029341
-0.031733,0.069859,-0.99705,-0.03266,0.99695,0.070891,0.99896,0.034813,-0.029354
-0.031719,0.067687,-0.9972,-0.034578,0.99703,0.068775,0.9989,0.036662,-0.029285
-0.032227,0.070238,-0.99701,-0.040098,0.99663,0.071508,0.99868,0.042283,-0.029302
-0.032505,0.076891,-0.99651,-0.046063,0.99586,0.078344,0.99841,0.048448,-0.028828
-0.032555,0.077116,-0.99649,-0.050415,0.99562,0.078696,0.9982,0.0528,-0.028525
-0.032338,0.070069,-0.99702,-0.050234,0.99616,0.071638,0.99821,0.052401,-0.028695
-0.032897,0.064213,-0.99739,-0.047278,0.99672,0.065728,0.99834,0.049317,-0.029754
-0.033054,0.063281,-0.99745,-0.041939,0.99703,0.064644,0.99857,0.043969,-0.030302
-0.032082,0.065034,-0.99737,-0.038415,0.99706,0.066249,0.99875,0.040439,-0.029489
-0.030404,0.066723,-0.99731,-0.037395,0.997,0.067842,0.99884,0.039357,-0.027817
-0.029337,0.069132,-0.99718,-0.038601,0.99678,0.07024,0.99882,0.040553,-0.026574
-0.028488,0.071026,-0.99707,-0.039799,0.9966,0.07213,0.9988,0.041737,-0.025565
-0.027721,0.071817,-0.99703,-0.040793,0.9965,0.072913,0.99878,0.042694,-0.024694
-0.026929,0.071767,-0.99706,-0.040378,0.99653,0.07282,0.99882,0.04222,-0.023938
-0.026783,0.069775,-0.9972,-0.040753,0.99666,0.070832,0.99881,0.042536,-0.02385
-0.026502,0.068606,-0.99729,-0.040519,0.99675,0.069646,0.99883,0.042255,-0.023636
-0.026465,0.068122,-0.99733,-0.041047,0.99676,0.069172,0.99881,0.042768,-0.023583
-0.026145,0.067905,-0.99735,-0.041684,0.99675,0.068957,0.99879,0.043376,-0.02323
-0.02597,0.068424,-0.99732,-0.042299,0.99669,0.069483,0.99877,0.04399,-0.022989
-0.025741,0.068777,-0.9973,-0.041581,0.99669,0.069809,0.9988,0.043266,-0.022796
-0.025633,0.067295,-0.9974,-0.041271,0.99681,0.068315,0.99882,0.042915,-0.022774
-0.025807,0.064338,-0.99759,-0.040845,0.99703,0.065358,0.99883,0.042434,-0.023103
-0.02621,0.061562,-0.99776,-0.041868,0.99716,0.062625,0.99878,0.043416,-0.023558
-0.026378,0.060159,-0.99784,-0.043315,0.99718,0.061264,0.99871,0.044838,-0.023698
-0.026761,0.060367,-0.99782,-0.046465,0.99702,0.061565,0.99856,0.048011,-0.023876
-0.027275,0.061606,-0.99773,-0.049702,0.99678,0.062907,0.99839,0.051305,-0.024126
-0.027597,0.062686,-0.99765,-0.05326,0.99652,0.064088,0.9982,0.054903,-0.024162
-0.028002,0.063029,-0.99762,-0.055032,0.9964,0.064496,0.99809,0.056707,-0.024433
-0.028358,0.061106,-0.99773,-0.054884,0.99653,0.062592,0.99809,0.056534,-0.024906
-0.028843,0.058713,-0.99786,-0.052761,0.99679,0.060175,0.99819,0.054384,-0.025653
-0.029625,0.058133,-0.99787,-0.049671,0.99699,0.059556,0.99833,0.051329,-0.026648
-0.030453,0.060438,-0.99771,-0.047557,0.99695,0.061844,0.9984,0.049331,-0.027486
-0.031133,0.062154,-0.99758,-0.046229,0.99691,0.063555,0.99845,0.048096,-0.028163
-0.031682,0.061164,-0.99762,-0.046899,0.99694,0.062611,0.9984,0.048771,-0.028716
-0.031687,0.059634,-0.99772,-0.048259,0.99696,0.061122,0.99833,0.050086,-0.028713
-0.031073,0.059155,-0.99777,-0.048645,0.99697,0.060623,0.99833,0.05042,-0.028102
-0.030057,0.059252,-0.99779,-0.046827,0.99706,0.06062,0.99845,0.048546,-0.027194
-0.029567,0.059751,-0.99778,-0.044078,0.99716,0.06102,0.99859,0.045784,-0.026849
-0.029111,0.060853,-0.99772,-0.040702,0.99725,0.062012,0.99875,0.042414,-0.026554
-0.028699,0.061391,-0.9977,-0.038663,0.9973,0.062478,0.99884,0.040367,-0.026248
-0.028118,0.061523,-0.99771,-0.037722,0.99733,0.062563,0.99889,0.039395,-0.025722
-0.027557,0.060755,-0.99777,-0.037665,0.99738,0.061772,0.99891,0.039283,-0.025196
-0.026537,0.061542,-0.99775,-0.038946,0.99728,0.062549,0.99889,0.040518,-0.024068
-0.025124,0.063675,-0.99765,-0.041334,0.99705,0.064677,0.99883,0.042862,-0.022418
-0.023374,0.064615,-0.99764,-0.043217,0.99691,0.065581,0.99879,0.044648,-0.020509
-0.021599,0.0654,-0.99763,-0.045965,0.99674,0.066337,0.99871,0.047289,-0.018523
-0.020093,0.067703,-0.9975,-0.048429,0.99647,0.068608,0.99862,0.049687,-0.016743
-0.019498,0.071569,-0.99725,-0.050609,0.99609,0.072475,0.99853,0.051883,-0.015799
-0.01938,0.075062,-0.99699,-0.052967,0.9957,0.075994,0.99841,0.054281,-0.015321
-0.019524,0.076762,-0.99686,-0.056661,0.99536,0.077756,0.9982,0.058001,-0.015084
-0.01947,0.078477,-0.99673,-0.061876,0.99491,0.079542,0.99789,0.063223,-0.014515
-0.019676,0.078836,-0.99669,-0.066603,0.99457,0.079982,0.99759,0.067956,-0.014319
-0.019643,0.072987,-0.99714,-0.067743,0.99494,0.074161,0.99751,0.069006,-0.0146
-0.019662,0.065901,-0.99763,-0.067866,0.99544,0.067094,0.9975,0.069024,-0.0151
-0.020303,0.064782,-0.99769,-0.069257,0.99541,0.066043,0.99739,0.070438,-0.015724
-0.020274,0.068724,-0.99743,-0.068397,0.9952,0.069961,0.99745,0.06964,-0.015476
-0.020074,0.068578,-0.99744,-0.068633,0.9952,0.069804,0.99744,0.069858,-0.015271
-0.020053,0.070914,-0.99728,-0.068859,0.99501,0.072137,0.99742,0.070118,-0.01507
-0.020281,0.074578,-0.99701,-0.068359,0.99478,0.075802,0.99745,0.069691,-0.015077
-0.020386,0.076463,-0.99686,-0.067288,0.99471,0.077673,0.99753,0.068661,-0.015133
-0.020647,0.077069,-0.99681,-0.067882,0.99462,0.078305,0.99748,0.069282,-0.015304
-0.020797,0.075363,-0.99694,-0.069182,0.99466,0.076634,0.99739,0.070564,-0.015472
-0.020902,0.072606,-0.99714,-0.071077,0.99473,0.07392,0.99725,0.072419,-0.015631
-0.021021,0.072646,-0.99714,-0.071776,0.99467,0.073979,0.9972,0.073126,-0.015695
-0.021065,0.075433,-0.99693,-0.071922,0.99445,0.076765,0.99719,0.073318,-0.015523
-0.021377,0.078323,-0.9967,-0.070528,0.99432,0.079649,0.99728,0.071998,-0.015732
-0.021603,0.080629,-0.99651,-0.067894,0.99432,0.081924,0.99746,0.069427,-0.016006
-0.022098,0.083582,-0.99626,-0.067793,0.99408,0.084903,0.99745,0.069416,-0.016301
-0.022799,0.086137,-0.99602,-0.067597,0.99387,0.087498,0.99745,0.069323,-0.016837
-0.023485,0.081481,-0.9964,-0.067397,0.99428,0.082897,0.99745,0.069101,-0.017859
-0.024146,0.0702,-0.99724,-0.068228,0.99509,0.0717,0.99738,0.069771,-0.019238
-0.024903,0.058384,-0.99798,-0.069792,0.99576,0.059995,0.99725,0.071146,-0.020722
-0.025728,0.053062,-0.99826,-0.070093,0.99604,0.05475,0.99721,0.07138,-0.021906
-0.026444,0.056542,-0.99805,-0.070886,0.99578,0.058291,0.99713,0.07229,-0.022325
-0.027036,0.063388,-0.99762,-0.070676,0.99537,0.06516,0.99713,0.07227,-0.022431
-0.027717,0.069173,-0.99722,-0.071306,0.99492,0.070996,0.99707,0.073075,-0.022644
-0.027786,0.072194,-0.997,-0.072386,0.99462,0.074039,0.99699,0.074226,-0.022411
-0.027508,0.074577,-0.99684,-0.076294,0.99415,0.076481,0.99671,0.078157,-0.021657
-0.026286,0.075849,-0.99677,-0.080007,0.99376,0.077729,0.99645,0.081792,-0.020053
-0.024332,0.075003,-0.99689,-0.083054,0.99358,0.076782,0.99625,0.084664,-0.017946
-0.021073,0.072332,-0.99716,-0.085192,0.99362,0.073876,0.99614,0.086507,-0.014776
-0.017058,0.069416,-0.99744,-0.086895,0.99371,0.070643,0.99607,0.087878,-0.010919
-0.01147,0.066436,-0.99772,-0.086536,0.99398,0.067182,0.99618,0.087109,-0.0056517
-0.003492,0.063802,-0.99796,-0.087496,0.99412,0.063863,0.99616,0.08754,0.002111
0.0093141,0.060683,-0.99811,-0.087251,0.9944,0.059643,0.99614,0.086531,0.014557
0.026416,0.059642,-0.99787,-0.087262,0.99455,0.057133,0.99584,0.085567,0.031477
0.048218,0.059595,-0.99706,-0.08535,0.99481,0.055333,0.99518,0.082431,0.053054
0.073627,0.060799,-0.99543,-0.081868,0.99514,0.054726,0.99392,0.077464,0.078247
0.10182,0.062466,-0.99284,-0.078734,0.9954,0.054553,0.99168,0.072616,0.10627
0.133,0.065309,-0.98896,-0.075744,0.99558,0.05556,0.98822,0.067519,0.13736
0.16662,0.069634,-0.98356,-0.072534,0.99567,0.058203,0.98335,0.061644,0.17095
0.2021,0.073343,-0.97661,-0.068065,0.99583,0.060701,0.977,0.054205,0.20625
0.2395,0.076454,-0.96788,-0.064785,0.99593,0.062639,0.96873,0.047702,0.24348
0.27942,0.07603,-0.95716,-0.061873,0.99621,0.06107,0.95817,0.042158,0.28306
0.32217,0.074228,-0.94377,-0.060497,0.9965,0.057723,0.94475,0.038499,0.32553
0.36704,0.073863,-0.92727,-0.060649,0.99662,0.055381,0.92822,0.03591,0.37028
0.41383,0.073163,-0.90741,-0.059613,0.9968,0.053184,0.9084,0.032084,0.41687
0.45977,0.072515,-0.88507,-0.058799,0.99696,0.051138,0.88609,0.028529,0.46264
0.50434,0.066137,-0.86097,-0.0521,0.99758,0.046112,0.86193,0.0216,0.50657
0.54692,0.06303,-0.83481,-0.053497,0.99776,0.040285,0.83547,0.022626,0.54907
0.58891,0.061331,-0.80587,-0.053049,0.9979,0.037178,0.80645,0.020856,0.59093
0.62856,0.06254,-0.77524,-0.053127,0.99789,0.037426,0.77595,0.017662,0.63055
0.66584,0.064017,-0.74334,-0.050795,0.99789,0.040441,0.74437,0.010831,0.66769
0.70166,0.063731,-0.70966,-0.047365,0.99796,0.042791,0.71094,0.0035883,0.70325
0.73509,0.063264,-0.67501,-0.048063,0.99799,0.041194,0.67626,0.0021617,0.73666
0.76636,0.064814,-0.63913,-0.051382,0.99789,0.039586,0.64035,0.0025023,0.76808
0.79606,0.064568,-0.60176,-0.052196,0.99791,0.038024,0.60296,0.0011402,0.79777
0.8231,0.057645,-0.56497,-0.045827,0.99833,0.035098,0.56605,-0.0029978,0.82437
0.84728,0.050284,-0.52875,-0.040822,0.99873,0.029564,0.52957,-0.0034645,0.84826
0.86922,0.04556,-0.49232,-0.038752,0.99896,0.024027,0.4929,-0.0018064,0.87008
0.8884,0.044503,-0.4569,-0.040118,0.99901,0.019298,0.45731,0.001186,0.88931
0.90552,0.041435,-0.42228,-0.038896,0.99914,0.014631,0.42252,0.0031761,0.90635
0.92125,0.0424,-0.38666,-0.040357,0.9991,0.013402,0.38688,0.0032575,0.92213
0.9351,0.047828,-0.35113,-0.045752,0.99885,0.01421,0.35141,0.0027773,0.93622
0.94719,0.052318,-0.31638,-0.050581,0.99863,0.013707,0.31666,0.0030195,0.94853
0.95743,0.053657,-0.28364,-0.053426,0.99854,0.0085583,0.28368,0.0069596,0.95889
0.96579,0.055323,-0.25334,-0.056134,0.99842,0.00403,0.25316,0.010329,0.96737
0.97217,0.059645,-0.22655,-0.061481,0.99811,-0.0010508,0.22606,0.01495,0.974
0.97685,0.063754,-0.20423,-0.065858,0.99782,-0.0035116,0.20356,0.01688,0.97892
0.98026,0.069298,-0.18517,-0.071107,0.99746,-0.0031375,0.18448,0.016242,0.9827
0.98305,0.075194,-0.16719,-0.076713,0.99705,-0.0026384,0.1665,0.01542,0.98592
0.98542,0.080607,-0.1498,-0.082,0.99663,-0.0031371,0.14905,0.015375,0.98871
0.98767,0.084547,-0.13176,-0.085755,0.99631,-0.0035125,0.13098,0.014768,0.99128
0.98964,0.086841,-0.11435,-0.087874,0.99612,-0.0040149,0.11356,0.014022,0.99343
0.99124,0.088087,-0.09839,-0.088927,0.99603,-0.0041739,0.097632,0.012887,0.99514
0.99251,0.087042,-0.085763,-0.087753,0.99613,-0.0045411,0.085036,0.012033,0.99631
0.99341,0.084994,-0.076891,-0.085652,0.99631,-0.0052993,0.076157,0.01185,0.99703
0.99398,0.084089,-0.070291,-0.084771,0.99638,-0.0067688,0.069467,0.012687,0.9975
0.99435,0.084494,-0.064199,-0.0852,0.99633,-0.0083268,0.06326,0.01375,0.9979
0.99466,0.084999,-0.058561,-0.085698,0.99628,-0.0095286,0.057533,0.014496,0.99824
0.99498,0.08484,-0.053151,-0.085474,0.99629,-0.0097621,0.052126,0.014256,0.99854
0.99538,0.082296,-0.049528,-0.082788,0.99654,-0.0079478,0.048702,0.012011,0.99874
0.99564,0.080398,-0.047201,-0.080751,0.99672,-0.00561,0.046595,0.0093971,0.99887
0.99582,0.079075,-0.045802,-0.079302,0.99685,-0.0031491,0.045408,0.0067681,0.99895
0.996,0.077663,-0.044134,-0.077737,0.99697,4.9707e-05,0.044004,0.0033813,0.99903
0.99613,0.076907,-0.042563,-0.076933,0.99704,0.0010207,0.042515,0.0022578,0.99909
0.99617,0.077077,-0.041405,-0.077122,0.99702,0.00052447,0.041322,0.0026708,0.99914
0.99631,0.075812,-0.040201,-0.075844,0.99712,0.00073749,0.040141,0.0023142,0.99919
0.99644,0.074893,-0.038802,-0.074938,0.99719,0.00029933,0.038716,0.0026095,0.99925
0.99656,0.074543,-0.036246,-0.074615,0.99721,-0.00063786,0.036097,0.0033402,0.99934
0.99667,0.074365,-0.033353,-0.074421,0.99723,-0.00044354,0.033228,0.0029242,0.99944
0.99683,0.073617,-0.030322,-0.073639,0.99728,0.0004171,0.030271,0.0018171,0.99954
0.99698,0.072506,-0.027798,-0.07248,0.99737,0.0019742,0.027868,4.6502e-05,0.99961
0.99713,0.071268,-0.02562,-0.071217,0.99746,0.0029016,0.025761,-0.0010687,0.99967
0.99719,0.070968,-0.024014,-0.070925,0.99748,0.0026365,0.024141,-0.00092592,0.99971
0.99725,0.070599,-0.022585,-0.07059,0.9975,0.0012042,0.022614,0.00039339,0.99974
0.99729,0.070494,-0.02121,-0.070503,0.99751,0.00033515,0.021181,0.0011611,0.99977
0.99726,0.071462,-0.019249,-0.071445,0.99744,0.0015563,0.019311,-0.00017674,0.99981
0.99729,0.071458,-0.017397,-0.071422,0.99744,0.0026542,0.017542,-0.0014045,0.99985
0.99737,0.070826,-0.015615,-0.070781,0.99749,0.0034376,0.015819,-0.0023233,0.99987
0.99742,0.070412,-0.013942,-0.070373,0.99752,0.0032491,0.014136,-0.0022596,0.9999
0.99744,0.070459,-0.012363,-0.070419,0.99751,0.0035984,0.012586,-0.0027186,0.99992
0.99754,0.069252,-0.010861,-0.069214,0.99759,0.0038472,0.011101,-0.003086,0.99993
0.99755,0.069359,-0.0094572,-0.069326,0.99759,0.003791,0.0096973,-0.0031261,0.99995
0.99753,0.069829,-0.0081127,-0.06981,0.99756,0.0026022,0.0082746,-0.0020294,0.99996
0.99742,0.071426,-0.0066043,-0.07142,0.99745,0.0011287,0.006668,-0.00065416,0.99998
0.99739,0.07206,-0.0045151,-0.072063,0.9974,-0.00057481,0.004462,0.00089868,0.99999
0.99733,0.073053,-0.0019293,-0.073056,0.99733,-0.0011055,0.0018434,0.0012435,1
0.99725,0.074076,0.0012074,-0.074076,0.99725,-0.00027178,-0.0012242,0.00018159,1
0.99726,0.073814,0.0046413,-0.073819,0.99727,0.00088395,-0.0045634,-0.0012242,0.99999
0.99721,0.074155,0.0086381,-0.074165,0.99725,0.00084749,-0.0085515,-0.0014858,0.99996
0.9971,0.074718,0.014139,-0.074734,0.9972,0.00060125,-0.014055,-0.0016562,0.9999
0.99688,0.07594,0.021356,-0.075969,0.99711,0.00055522,-0.021252,-0.0021759,0.99977
0.99656,0.076848,0.031052,-0.076913,0.99704,0.00087354,-0.030892,-0.0032588,0.99952
0.99594,0.079214,0.042862,-0.079308,0.99685,0.00048024,-0.042689,-0.0038776,0.99908
0.9952,0.079858,0.056583,-0.07994,0.9968,-0.00082475,-0.056468,-0.0037025,0.9984
0.99414,0.080026,0.072638,-0.080059,0.99679,-0.0024605,-0.072601,-0.0033692,0.99736
0.99257,0.08052,0.091203,-0.080496,0.99675,-0.00395,-0.091225,-0.0034209,0.99582
0.99054,0.078723,0.11243,-0.078915,0.99688,-0.0027482,-0.1123,-0.0061502,0.99366
0.9881,0.072789,0.13549,-0.073427,0.9973,-0.00028474,-0.13514,-0.0096673,0.99078
0.98502,0.064154,0.16007,-0.064976,0.99789,-9.8614e-05,-0.15974,-0.010304,0.98711
0.98076,0.057023,0.18668,-0.057713,0.99833,-0.0017393,-0.18647,-0.0090683,0.98242
0.97535,0.049263,0.2151,-0.049138,0.99877,-0.005931,-0.21513,-0.0047846,0.97657
0.96878,0.038646,0.24489,-0.037449,0.99925,-0.0095424,-0.24508,7.3324e-05,0.9695
0.96051,0.02986,0.27665,-0.027893,0.99955,-0.011044,-0.27685,0.0028911,0.96091
0.95033,0.02213,0.31047,-0.019721,0.99975,-0.010894,-0.31063,0.0042303,0.95052
0.93878,0.015181,0.34418,-0.012326,0.99987,-0.010482,-0.34429,0.005598,0.93885
0.92556,0.0098917,0.37847,-0.0060143,0.99992,-0.011426,-0.37855,0.008299,0.92554
0.91001,0.0092961,0.41448,-0.0047416,0.99992,-0.012016,-0.41455,0.0089695,0.90998
0.89215,0.0092231,0.45164,-0.0040548,0.99991,-0.01241,-0.45172,0.00924,0.89211
0.87197,0.012903,0.48939,-0.0060805,0.99986,-0.015529,-0.48952,0.010565,0.87193
0.84845,0.017805,0.52897,-0.0076763,0.99974,-0.021339,-0.52921,0.014044,0.84837
0.82072,0.018402,0.57103,-0.0048832,0.99967,-0.025197,-0.5713,0.017892,0.82054
