1,-9.0437e-12,-2.3268e-11,9.0437e-12,1,-2.3924e-10,2.3268e-11,2.3924e-10,1
1,-0.0022201,-0.0013039,0.0022236,0.99999,0.0026596,0.001298,-0.0026625,1
0.99999,-0.003007,-0.0028258,0.003017,0.99999,0.0035355,0.0028152,-0.003544,0.99999
0.99999,-0.0021285,-0.0042058,0.0021417,0.99999,0.0031399,0.0041991,-0.0031488,0.99999
0.99998,-0.0015245,-0.0056439,0.0015426,0.99999,0.0031883,0.005639,-0.003197,0.99998
0.99997,-0.0016258,-0.0069263,0.0016511,0.99999,0.0036417,0.0069203,-0.0036531,0.99997
0.99996,-0.0017397,-0.0085162,0.0017723,0.99999,0.00382,0.0085095,-0.0038349,0.99996
0.99994,-0.0035359,-0.010287,0.0035667,0.99999,0.002972,0.010277,-0.0030085,0.99994
0.99992,-0.004713,-0.011639,0.0047513,0.99998,0.0032627,0.011623,-0.0033177,0.99993
0.99991,-0.0047498,-0.01291,0.0047937,0.99998,0.0033732,0.012894,-0.0034348,0.99991
0.99989,-0.0042288,-0.014077,0.0042715,0.99999,0.003009,0.014064,-0.0030688,0.9999
0.99989,-0.0026233,-0.014555,0.0026766,0.99999,0.0036445,0.014545,-0.003683,0.99989
0.99989,-0.0010532,-0.014999,0.0011188,0.99999,0.0043637,0.014995,-0.00438,0.99988
0.99988,-2.451e-05,-0.015573,0.00010517,0.99999,0.0051787,0.015573,-0.0051797,0.99987
0.99987,-2.3539e-05,-0.016009,0.00010975,0.99999,0.0053843,0.016009,-0.0053853,0.99986
0.99986,0.00044139,-0.01651,-0.00035087,0.99998,0.0054852,0.016512,-0.0054786,0.99985
0.99986,0.0011194,-0.016547,-0.0010193,0.99998,0.0060599,0.016554,-0.0060422,0.99984
0.99986,0.0020499,-0.016516,-0.0019311,0.99997,0.0072066,0.01653,-0.0071737,0.99984
0.99986,0.0023773,-0.016454,-0.0022725,0.99998,0.0063802,0.016469,-0.006342,0.99984
0.99986,0.0027691,-0.016383,-0.0027083,0.99999,0.0037313,0.016393,-0.0036864,0.99986
0.99987,0.0011703,-0.016089,-0.0011115,0.99999,0.0036642,0.016093,-0.0036458,0.99986
0.99987,0.00021022,-0.015821,-0.00010866,0.99998,0.0064202,0.015822,-0.0064177,0.99985
0.99988,-0.0014611,-0.015651,0.0015867,0.99997,0.0080205,0.015639,-0.0080444,0.99985
0.99988,-0.0024481,-0.015404,0.0025599,0.99997,0.0072406,0.015386,-0.0072792,0.99986
0.99988,-0.0023514,-0.014992,0.0024346,0.99998,0.0055396,0.014979,-0.0055755,0.99987
0.9999,-0.0015582,-0.014356,0.0016214,0.99999,0.0043917,0.014349,-0.0044145,0.99989
0.99991,-0.00086657,-0.013455,0.00091873,0.99999,0.0038712,0.013451,-0.0038832,0.9999
0.99992,-0.00031444,-0.012311,0.00037054,0.99999,0.0045546,0.01231,-0.0045588,0.99991
0.99994,0.00033416,-0.010705,-0.00026101,0.99998,0.0068341,0.010707,-0.0068309,0.99992
0.99996,-0.0002712,-0.0090458,0.00034349,0.99997,0.0079907,0.0090433,-0.0079935,0.99993
0.99998,6.7779e-05,-0.0067596,-1.0467e-05,0.99996,0.0084783,0.0067599,-0.008478,0.99994
0.99999,5.491e-05,-0.0033654,-2.6805e-05,0.99997,0.0083506,0.0033657,-0.0083504,0.99996
1,-0.00078467,0.0003219,0.00078267,0.99998,0.0061896,-0.00032675,-0.0061894,0.99998
0.99999,-0.0011001,0.0038035,0.0010828,0.99999,0.0045596,-0.0038085,-0.0045555,0.99998
0.99997,-0.00067729,0.0078617,0.00063682,0.99999,0.0051491,-0.0078651,-0.005144,0.99996
0.99991,-0.00026205,0.013158,0.00019374,0.99999,0.0051921,-0.013159,-0.0051891,0.9999
0.9998,0.0011853,0.019745,-0.0012672,0.99999,0.004133,-0.01974,-0.0041572,0.9998
0.99963,0.0027271,0.027181,-0.0028331,0.99999,0.0038621,-0.027171,-0.0039377,0.99962
0.99936,0.0037286,0.035594,-0.003917,0.99998,0.0052246,-0.035573,-0.0053607,0.99935
0.99893,0.0059557,0.045799,-0.0062211,0.99996,0.005655,-0.045764,-0.0059339,0.99893
0.99824,0.0082485,0.058742,-0.0086021,0.99995,0.0057702,-0.058691,-0.0062654,0.99826
0.99724,0.010306,0.073467,-0.010796,0.99992,0.0062866,-0.073396,-0.0070624,0.99728
0.99589,0.012646,0.089727,-0.013361,0.99988,0.0073712,-0.089624,-0.0085397,0.99594
0.99413,0.012878,0.10738,-0.013903,0.99986,0.0088039,-0.10725,-0.010245,0.99418
0.9919,0.012547,0.1264,-0.013694,0.99987,0.0082064,-0.12628,-0.0098708,0.99195
0.98913,0.011676,0.14658,-0.012821,0.99989,0.0068654,-0.14648,-0.00867,0.98918
0.98586,0.0091094,0.16734,-0.010291,0.99993,0.0061972,-0.16727,-0.0078317,0.98588
0.98197,0.0037936,0.18902,-0.0054713,0.99995,0.0083549,-0.18898,-0.0092385,0.98194
0.9773,-0.0017092,0.21183,-0.00047458,0.99995,0.010258,-0.21184,-0.010126,0.97725
0.97187,-0.0068809,0.23542,0.004699,0.99994,0.0098281,-0.23547,-0.0084454,0.97184
0.96547,-0.013312,0.26019,0.011666,0.9999,0.0078685,-0.26027,-0.0045614,0.96553
0.95807,-0.017285,0.28601,0.015629,0.99985,0.0080738,-0.2861,-0.0032654,0.95819
0.94956,-0.020055,0.31294,0.017625,0.99979,0.010593,-0.31309,-0.0045435,0.94971
0.93996,-0.024307,0.34042,0.020827,0.99969,0.013873,-0.34065,-0.0059499,0.94017
0.92917,-0.028002,0.36859,0.024719,0.9996,0.013628,-0.36882,-0.0035519,0.92949
0.91722,-0.027345,0.39745,0.025449,0.99963,0.010046,-0.39758,0.00090029,0.91757
0.90416,-0.028612,0.42624,0.029448,0.99956,0.004629,-0.42618,0.0083665,0.9046
0.89007,-0.030669,0.45478,0.033537,0.99944,0.0017625,-0.45458,0.013683,0.8906
0.87452,-0.031996,0.48393,0.033865,0.99941,0.0048788,-0.4838,0.012122,0.87509
0.85697,-0.031224,0.51442,0.029915,0.99949,0.010832,-0.5145,0.0061068,0.85747
0.83752,-0.031354,0.5455,0.027166,0.99951,0.01574,-0.54573,0.0016366,0.83796
0.8165,-0.025946,0.57677,0.024162,0.99965,0.010765,-0.57684,0.0051464,0.81684
0.79465,-0.019168,0.60677,0.02143,0.99976,0.0035164,-0.60669,0.010209,0.79487
0.77224,-0.016424,0.63512,0.020558,0.99979,0.00085703,-0.635,0.012395,0.77241
0.74905,-0.019302,0.66223,0.021961,0.99975,0.0042986,-0.66215,0.011324,0.74929
0.72473,-0.019538,0.68875,0.021167,0.99976,0.0060883,-0.68871,0.010166,0.72497
0.69946,-0.018264,0.71444,0.022699,0.99974,0.0033336,-0.71431,0.013886,0.69969
0.67334,-0.015817,0.73916,0.022909,0.99974,0.00052401,-0.73898,0.016581,0.67353
0.6464,-0.013424,0.76288,0.020857,0.99978,-8.0271e-05,-0.76271,0.015963,0.64654
0.61862,-0.012396,0.78559,0.0212,0.99977,-0.0009188,-0.7854,0.017223,0.61874
0.5901,-0.0063134,0.80731,0.020239,0.99977,-0.0069749,-0.80708,0.020455,0.59009
0.56024,0.0028354,0.82832,0.018923,0.99969,-0.016221,-0.82811,0.024762,0.56002
0.5296,0.011272,0.84817,0.018357,0.99953,-0.024745,-0.84805,0.028674,0.52914
0.49802,0.016318,0.86701,0.016122,0.99948,-0.028072,-0.86702,0.027958,0.49749
0.46566,0.015828,0.88482,0.013814,0.99959,-0.025151,-0.88485,0.023934,0.46525
0.43275,0.014185,0.9014,0.0093861,0.99975,-0.020239,-0.90146,0.017219,0.43251
0.39857,0.015069,0.91702,0.0053701,0.99981,-0.018763,-0.91712,0.012403,0.39841
0.36344,0.018019,0.93144,-0.0013245,0.99982,-0.018825,-0.93162,0.0056081,0.3634
0.32769,0.020195,0.94457,-0.0067445,0.9998,-0.019036,-0.94476,-0.00013262,0.32776
0.29158,0.019346,0.95635,-0.0096483,0.9998,-0.017283,-0.9565,-0.0041878,0.29171
0.25542,0.018987,0.96664,-0.010462,0.9998,-0.016874,-0.96677,-0.0058031,0.25556
0.21959,0.018168,0.97542,-0.0098548,0.99982,-0.016404,-0.97554,-0.0060104,0.21973
0.18426,0.017268,0.98273,-0.0079393,0.99984,-0.01608,-0.98285,-0.0048392,0.18437
0.14971,0.015483,0.98861,-0.00046227,0.99988,-0.01559,-0.98873,0.0018769,0.1497
0.11611,0.018703,0.99306,0.0031974,0.99981,-0.019204,-0.99323,0.0054049,0.11603
0.083471,0.024498,0.99621,0.0036008,0.99968,-0.024886,-0.9965,0.0056643,0.083356
0.054115,0.028112,0.99814,0.010296,0.99953,-0.02871,-0.99848,0.011831,0.0538
0.028448,0.027693,0.99921,0.013164,0.99952,-0.028076,-0.99951,0.013952,0.02807
0.0058964,0.023764,0.9997,0.01408,0.99962,-0.023845,-0.99988,0.014217,0.0055596
-0.013229,0.020554,0.9997,0.014366,0.99969,-0.020364,-0.99981,0.014092,-0.01352
-0.029742,0.023439,0.99928,0.016292,0.9996,-0.022962,-0.99942,0.015598,-0.030112
-0.044512,0.029173,0.99858,0.018972,0.99942,-0.028352,-0.99883,0.017683,-0.045039
-0.056447,0.033137,0.99786,0.023354,0.99922,-0.031861,-0.99813,0.021505,-0.057177
-0.065587,0.036968,0.99716,0.029362,0.99895,-0.035104,-0.99741,0.026976,-0.066604
-0.071332,0.042013,0.99657,0.032943,0.99867,-0.039743,-0.99691,0.029995,-0.072621
-0.07498,0.047367,0.99606,0.034848,0.99839,-0.044855,-0.99658,0.031348,-0.076509
-0.077721,0.051002,0.99567,0.037102,0.99815,-0.048233,-0.99628,0.033193,-0.079469
-0.080411,0.054556,0.99527,0.037553,0.99796,-0.051669,-0.99605,0.033221,-0.082295
-0.08277,0.057129,0.99493,0.038438,0.9978,-0.054095,-0.99583,0.033765,-0.084784
-0.084668,0.061262,0.99452,0.039504,0.99753,-0.058084,-0.99563,0.03437,-0.086879
-0.086685,0.062956,0.99424,0.042221,0.99734,-0.05947,-0.99534,0.036823,-0.089113
-0.088706,0.062058,0.99412,0.042522,0.99738,-0.058468,-0.99515,0.037086,-0.091113
-0.091197,0.060786,0.99398,0.041369,0.9975,-0.057206,-0.99497,0.035902,-0.093485
-0.09318,0.062368,0.99369,0.041892,0.9974,-0.058672,-0.99477,0.03616,-0.095551
-0.095653,0.064259,0.99334,0.040687,0.99733,-0.060599,-0.99458,0.034619,-0.098013
-0.098267,0.066807,0.99292,0.039327,0.99723,-0.063205,-0.99438,0.032838,-0.10062
-0.10082,0.070173,0.99243,0.037149,0.99708,-0.066728,-0.99421,0.03014,-0.10313
-0.10304,0.074546,0.99188,0.03383,0.99687,-0.071407,-0.9941,0.026198,-0.10524
-0.10556,0.07714,0.99142,0.031586,0.99674,-0.074191,-0.99391,0.023483,-0.10765
-0.10825,0.075684,0.99124,0.029801,0.9969,-0.072861,-0.99368,0.021653,-0.11017
-0.11134,0.071231,0.99123,0.02642,0.99729,-0.068699,-0.99343,0.018539,-0.11292
-0.11392,0.069596,0.99105,0.026272,0.99741,-0.067022,-0.99314,0.018402,-0.11545
-0.11583,0.06985,0.99081,0.025982,0.9974,-0.067278,-0.99293,0.017951,-0.11734
-0.11715,0.072634,0.99045,0.027376,0.99718,-0.069889,-0.99274,0.018928,-0.11881
-0.11777,0.075417,0.99017,0.027904,0.99697,-0.072616,-0.99265,0.019078,-0.11952
-0.1182,0.076597,0.99003,0.027081,0.9969,-0.073895,-0.99262,0.018076,-0.11991
-0.11808,0.074829,0.99018,0.023743,0.99708,-0.07252,-0.99272,0.014947,-0.11951
-0.11831,0.074503,0.99018,0.019998,0.99716,-0.072639,-0.99278,0.011207,-0.11947
-0.11841,0.075365,0.9901,0.016294,0.99713,-0.073951,-0.99283,0.0073754,-0.1193
-0.11879,0.075704,0.99003,0.012258,0.99712,-0.074776,-0.99284,0.0032526,-0.11938
-0.11928,0.074812,0.99004,0.0086498,0.9972,-0.074311,-0.99282,-0.00030037,-0.1196
-0.11968,0.069891,0.99035,0.0085548,0.99755,-0.069366,-0.99278,0.00017087,-0.11998
-0.11997,0.061478,0.99087,0.011562,0.9981,-0.060526,-0.99271,0.004195,-0.12046
-0.11999,0.054828,0.99126,0.016247,0.99845,-0.053259,-0.99264,0.0097141,-0.12069
-0.11919,0.057536,0.9912,0.025025,0.99818,-0.054931,-0.99256,0.018258,-0.12041
-0.11795,0.063491,0.99099,0.031175,0.9977,-0.06021,-0.99253,0.023793,-0.11966
-0.11707,0.069162,0.99071,0.034552,0.99725,-0.065535,-0.99252,0.026559,-0.11914
-0.11635,0.07295,0.99053,0.035648,0.99696,-0.069236,-0.99257,0.027255,-0.11859
-0.11637,0.071988,0.99059,0.032858,0.9971,-0.068601,-0.99266,0.024565,-0.1184
-0.11613,0.066914,0.99098,0.030721,0.99749,-0.063754,-0.99276,0.023039,-0.1179
-0.11595,0.063944,0.99119,0.029161,0.99771,-0.060953,-0.99283,0.021837,-0.11755
-0.11583,0.06476,0.99116,0.027804,0.99769,-0.061938,-0.99288,0.020384,-0.11736
-0.11562,0.069213,0.99088,0.02804,0.9974,-0.066397,-0.9929,0.020107,-0.11726
-0.11493,0.073149,0.99068,0.028375,0.99712,-0.070333,-0.99297,0.020027,-0.11668
-0.11456,0.072155,0.99079,0.028432,0.99719,-0.069333,-0.99301,0.020228,-0.11629
-0.11403,0.064119,0.99141,0.029572,0.99769,-0.061124,-0.99304,0.022348,-0.11566
-0.11422,0.063258,0.99144,0.029375,0.99775,-0.060277,-0.99302,0.022239,-0.11583
-0.11412,0.06638,0.99125,0.027212,0.9976,-0.063673,-0.99309,0.019707,-0.11565
-0.11387,0.069565,0.99106,0.026692,0.9974,-0.066944,-0.99314,0.018831,-0.11543
-0.11377,0.069064,0.9911,0.025831,0.99745,-0.066541,-0.99317,0.018031,-0.11527
-0.11333,0.065787,0.99138,0.025024,0.99768,-0.063344,-0.99324,0.017629,-0.11471
-0.11233,0.064501,0.99158,0.025874,0.99774,-0.061971,-0.99333,0.018694,-0.11375
-0.11087,0.064727,0.99172,0.027331,0.9977,-0.062061,-0.99346,0.020224,-0.11238
-0.10968,0.065189,0.99183,0.03007,0.99761,-0.062244,-0.99351,0.022997,-0.11138
-0.10852,0.064742,0.99198,0.029759,0.99764,-0.061856,-0.99365,0.022808,-0.11019
-0.10713,0.065551,0.99208,0.031053,0.99756,-0.062559,-0.99376,0.024106,-0.1089
-0.10608,0.063038,0.99236,0.031279,0.99771,-0.060034,-0.99387,0.024672,-0.10781
-0.10507,0.062443,0.9925,0.02995,0.99777,-0.059604,-0.99401,0.023463,-0.10671
-0.10376,0.062007,0.99267,0.030985,0.99777,-0.059087,-0.99412,0.024627,-0.10545
-0.10218,0.062563,0.9928,0.029411,0.99777,-0.05985,-0.99433,0.023084,-0.10379
-0.10061,0.065531,0.99277,0.029786,0.99758,-0.06283,-0.99448,0.023249,-0.10231
-0.099454,0.065308,0.9929,0.028011,0.99763,-0.062814,-0.99465,0.021565,-0.10105
-0.099033,0.062642,0.99311,0.02388,0.99788,-0.060561,-0.9948,0.017718,-0.10032
-0.098867,0.063762,0.99306,0.021453,0.99785,-0.061934,-0.99487,0.015181,-0.10002
-0.099152,0.063872,0.99302,0.018872,0.99788,-0.0623,-0.99489,0.012563,-0.10015
-0.10023,0.060812,0.9931,0.016005,0.9981,-0.059503,-0.99484,0.0099305,-0.10101
-0.10151,0.059335,0.99306,0.013835,0.99821,-0.058228,-0.99474,0.0078286,-0.10215
-0.10284,0.058714,0.99296,0.012161,0.99826,-0.057767,-0.99462,0.0061347,-0.10338
-0.10456,0.058607,0.99279,0.011856,0.99826,-0.057681,-0.99445,0.0057401,-0.10507
-0.10683,0.057288,0.99263,0.012154,0.99834,-0.05631,-0.9942,0.006049,-0.10735
-0.10988,0.052358,0.99257,0.0086441,0.99862,-0.051721,-0.99391,0.0028969,-0.11018
-0.11397,0.051943,0.99213,0.0082627,0.99865,-0.051335,-0.99345,0.0023469,-0.11425
-0.11959,0.056737,0.9912,0.0025411,0.99838,-0.056841,-0.99282,-0.0042791,-0.11954
-0.12676,0.062106,0.98999,0.0037168,0.99806,-0.062137,-0.99193,-0.0041967,-0.12674
-0.13576,0.059236,0.98897,0.0060281,0.99824,-0.058964,-0.99072,-0.0020435,-0.13588
-0.14682,0.053839,0.9877,0.005285,0.99855,-0.053644,-0.98915,-0.0026562,-0.14689
-0.15946,0.055699,0.98563,0.007842,0.99845,-0.055155,-0.98717,-0.0010656,-0.15965
-0.17375,0.056344,0.98318,0.0094535,0.99841,-0.055547,-0.98474,-0.00035678,-0.17401
-0.18843,0.054056,0.9806,0.0095236,0.99854,-0.053215,-0.98204,-0.00068837,-0.18867
-0.20366,0.0559,0.97745,0.014587,0.99843,-0.054061,-0.97893,0.0032482,-0.20415
-0.21906,0.059324,0.97391,0.014608,0.99824,-0.05752,-0.9756,0.0016265,-0.21954
-0.23439,0.0639,0.97004,0.014935,0.99796,-0.06213,-0.97203,-7.4988e-05,-0.23486
-0.25067,0.062085,0.96608,0.011368,0.99806,-0.061191,-0.96801,-0.004356,-0.25089
-0.26703,0.05551,0.96209,0.0053989,0.99841,-0.056107,-0.96367,-0.0097878,-0.2669
-0.28301,0.051133,0.95775,0.0010877,0.99859,-0.052992,-0.95912,-0.013955,-0.28266
-0.29845,0.052377,0.95299,-0.0006647,0.99848,-0.055085,-0.95442,-0.017074,-0.29797
-0.31312,0.054502,0.94815,-0.00083396,0.99834,-0.057662,-0.94971,-0.018846,-0.31256
-0.32711,0.056237,0.94331,0.00051946,0.99824,-0.059332,-0.94499,-0.018918,-0.32656
-0.34135,0.056617,0.93823,0.0025145,0.99824,-0.059323,-0.93993,-0.017891,-0.34089
-0.35555,0.054357,0.93307,0.0020255,0.99835,-0.057387,-0.93465,-0.018514,-0.35508
-0.3701,0.05298,0.92748,0.0017382,0.99841,-0.056339,-0.92899,-0.019239,-0.36961
-0.38504,0.053793,0.92133,0.00014049,0.9983,-0.058228,-0.9229,-0.022291,-0.38439
-0.39984,0.056651,0.91483,0.0012546,0.99812,-0.061261,-0.91658,-0.023347,-0.39916
-0.41476,0.057825,0.90809,0.0019579,0.99803,-0.062658,-0.90993,-0.024211,-0.41406
-0.42915,0.06063,0.9012,0.0045368,0.99788,-0.064974,-0.90322,-0.023795,-0.42851
-0.44407,0.063692,0.89372,0.0046052,0.99762,-0.068808,-0.89598,-0.02644,-0.44331
-0.45919,0.066477,0.88585,0.0052414,0.99738,-0.07213,-0.88832,-0.028478,-0.45833
-0.47455,0.063775,0.87792,0.0040794,0.99752,-0.070259,-0.88022,-0.02976,-0.47363
-0.4907,0.059587,0.86929,0.00097023,0.9977,-0.067842,-0.87133,-0.032446,-0.48963
-0.50681,0.059106,0.86003,0.00032017,0.99766,-0.068375,-0.86206,-0.034378,-0.50564
-0.52279,0.058621,0.85044,-0.00096329,0.99759,-0.069357,-0.85246,-0.037079,-0.52148
-0.53866,0.057485,0.84056,-0.0017625,0.99759,-0.069354,-0.84252,-0.038839,-0.53726
-0.5544,0.05666,0.83032,-0.0032899,0.99752,-0.070266,-0.83225,-0.041687,-0.55284
-0.5699,0.056337,0.81978,-0.0037676,0.99746,-0.071166,-0.8217,-0.043646,-0.56824
-0.58521,0.053806,0.8091,-0.0043332,0.99757,-0.069474,-0.81087,-0.044162,-0.58355
-0.60035,0.049848,0.79818,-0.004692,0.99782,-0.065844,-0.79972,-0.043275,-0.59881
-0.61518,0.047988,0.78693,-0.0038612,0.99795,-0.063876,-0.78838,-0.042333,-0.61373
-0.63005,0.046778,0.77515,-0.0044305,0.99795,-0.063825,-0.77654,-0.043647,-0.62855
-0.64485,0.047658,0.76282,-0.0059324,0.99771,-0.067348,-0.76428,-0.047955,-0.64309
-0.66016,0.048073,0.74959,-0.0079591,0.99745,-0.070978,-0.75109,-0.052823,-0.65809
-0.67598,0.043892,0.73561,-0.010267,0.99757,-0.068956,-0.73685,-0.054165,-0.67388
-0.69202,0.036665,0.72095,-0.013873,0.99785,-0.064064,-0.72175,-0.054335,-0.69002
-0.70879,0.033546,0.70463,-0.015545,0.99788,-0.063145,-0.70525,-0.05571,-0.70676
-0.72617,0.031741,0.68678,-0.017017,0.9978,-0.064108,-0.68731,-0.05824,-0.72403
-0.7436,0.027262,0.66807,-0.020667,0.99775,-0.06372,-0.6683,-0.06119,-0.74137
-0.76033,0.025347,0.64905,-0.020951,0.99776,-0.063508,-0.6492,-0.061885,-0.75809
-0.77639,0.026962,0.62967,-0.01901,0.99763,-0.066157,-0.62996,-0.063334,-0.77404
-0.79163,0.027827,0.61036,-0.015402,0.99774,-0.065464,-0.6108,-0.061224,-0.78941
-0.80619,0.028025,0.59099,-0.011783,0.99792,-0.063394,-0.59153,-0.058072,-0.80419
-0.82056,0.029349,0.57081,-0.010204,0.99777,-0.065971,-0.57147,-0.059957,-0.81843
-0.83437,0.030733,0.55034,-0.0096669,0.99747,-0.070359,-0.55112,-0.064026,-0.83197
-0.84736,0.031389,0.53009,-0.007512,0.99744,-0.071072,-0.53097,-0.064206,-0.84496
-0.85915,0.029473,0.51087,-0.0058675,0.99771,-0.067428,-0.51169,-0.060928,-0.85701
-0.86966,0.030336,0.49272,-0.0044789,0.99758,-0.069325,-0.49363,-0.062496,-0.86742
-0.87912,0.034442,0.47535,-0.00043033,0.99733,-0.073058,-0.4766,-0.064432,-0.87676
-0.8881,0.032516,0.4585,-0.001746,0.99725,-0.074105,-0.45965,-0.066613,-0.8856
-0.89635,0.029452,0.44237,-0.0038866,0.99723,-0.074269,-0.44333,-0.06829,-0.89375
-0.90368,0.027149,0.42734,-0.0047508,0.99729,-0.073404,-0.42817,-0.068365,-0.90111
-0.91025,0.026007,0.41325,-0.004902,0.99728,-0.073558,-0.41404,-0.068982,-0.90764
-0.9164,0.02343,0.39957,-0.0062823,0.99732,-0.07289,-0.40021,-0.069307,-0.9138
-0.92208,0.018532,0.38656,-0.0089209,0.99757,-0.069104,-0.38691,-0.067167,-0.91967
-0.9272,0.014381,0.37428,-0.0108,0.99782,-0.065093,-0.3744,-0.064397,-0.92503
-0.93153,0.015067,0.36335,-0.0083495,0.99799,-0.06279,-0.36357,-0.061524,-0.92953
-0.93479,0.018862,0.35471,-0.0040316,0.99796,-0.063692,-0.35519,-0.060968,-0.9328
-0.93703,0.024576,0.34838,0.0017146,0.99783,-0.065778,-0.34924,-0.061039,-0.93504
-0.93877,0.028874,0.34333,0.0057206,0.99765,-0.068261,-0.34449,-0.062118,-0.93673
-0.94063,0.026494,0.33841,0.0037396,0.9977,-0.067714,-0.33942,-0.062428,-0.93856
-0.94252,0.018988,0.3336,-0.0023828,0.99798,-0.063537,-0.33413,-0.06068,-0.94057
-0.94436,0.012753,0.32867,-0.0076614,0.99812,-0.060742,-0.32882,-0.059881,-0.94249
-0.94603,0.0066449,0.324,-0.014577,0.99791,-0.06303,-0.32374,-0.064352,-0.94395
-0.94731,0.0042361,0.32028,-0.017617,0.99771,-0.065303,-0.31982,-0.067505,-0.94507
-0.94814,0.0046408,0.31782,-0.017924,0.99752,-0.068036,-0.31735,-0.070204,-0.94571
-0.94845,0.0047321,0.31688,-0.018286,0.99741,-0.069628,-0.31638,-0.071834,-0.94591
-0.94837,0.0077818,0.31706,-0.015552,0.99736,-0.070996,-0.31678,-0.072262,-0.94574
-0.94802,0.0097241,0.31806,-0.014346,0.99721,-0.073246,-0.31789,-0.074001,-0.94524
-0.94764,0.0098228,0.31918,-0.014917,0.99707,-0.074972,-0.31898,-0.075808,-0.94472
-0.94709,0.011,0.32077,-0.01363,0.99713,-0.074441,-0.32067,-0.074874,-0.94423
-0.94624,0.011578,0.32324,-0.013201,0.99714,-0.074361,-0.32318,-0.074631,-0.94339
-0.94497,0.010477,0.32698,-0.014873,0.99708,-0.07493,-0.32681,-0.07567,-0.94206
-0.94341,0.0091394,0.3315,-0.015808,0.99724,-0.07248,-0.33125,-0.073619,-0.94067
-0.94138,0.0065482,0.3373,-0.017754,0.99746,-0.068914,-0.33689,-0.070862,-0.93887
-0.93893,0.0048988,0.34406,-0.01927,0.99758,-0.06679,-0.34356,-0.069342,-0.93657
-0.93618,0.0068384,0.35144,-0.017291,0.9977,-0.065474,-0.35108,-0.067373,-0.93392
-0.9329,0.0076333,0.36005,-0.017487,0.99764,-0.066459,-0.35971,-0.068296,-0.93056
-0.9292,0.0095901,0.36944,-0.016369,0.99761,-0.067066,-0.3692,-0.068365,-0.92683
-0.92498,0.012437,0.37982,-0.014333,0.99761,-0.067572,-0.37975,-0.067947,-0.92259
-0.92009,0.014067,0.39146,-0.013785,0.99757,-0.068248,-0.39147,-0.068191,-0.91766
-0.9144,0.016566,0.40447,-0.012838,0.99747,-0.069877,-0.4046,-0.069089,-0.91188
-0.90829,0.018514,0.41792,-0.011493,0.99754,-0.069168,-0.41818,-0.067628,-0.90585
-0.90205,0.018084,0.43125,-0.011989,0.99769,-0.066914,-0.43146,-0.06553,-0.89975
-0.89543,0.020257,0.44473,-0.010427,0.99774,-0.06644,-0.44507,-0.06413,-0.8932
-0.88855,0.023043,0.4582,-0.0081843,0.99778,-0.066049,-0.45871,-0.062438,-0.88639
-0.88118,0.024668,0.47213,-0.0061122,0.99796,-0.063549,-0.47274,-0.058884,-0.87923
-0.87345,0.026342,0.4862,-0.0034744,0.99817,-0.060322,-0.4869,-0.054378,-0.87177
-0.86527,0.02933,0.50045,4.6769e-05,0.99829,-0.058426,-0.50131,-0.050531,-0.86379
-0.85611,0.03256,0.51576,0.0035619,0.99836,-0.057113,-0.51678,-0.047058,-0.85482
-0.84578,0.035473,0.53235,0.0066943,0.99841,-0.055894,-0.53349,-0.04371,-0.84468
-0.83478,0.038539,0.54924,0.010024,0.99845,-0.054823,-0.55049,-0.04026,-0.83387
-0.8235,0.040434,0.56587,0.011854,0.99847,-0.054094,-0.56719,-0.037838,-0.82272
-0.81167,0.042548,0.58256,0.013577,0.99845,-0.054007,-0.58395,-0.035927,-0.81099
-0.79894,0.044537,0.59976,0.015392,0.99844,-0.053639,-0.60121,-0.033623,-0.79838
-0.78514,0.045632,0.61764,0.017262,0.99851,-0.051827,-0.61908,-0.03003,-0.78475
-0.76986,0.046791,0.6365,0.01955,0.99857,-0.049762,-0.63791,-0.025867,-0.76967
-0.75316,0.049649,0.65596,0.021594,0.99848,-0.050779,-0.65749,-0.02408,-0.75308
-0.73579,0.052576,0.67517,0.0228,0.99834,-0.052894,-0.67683,-0.023525,-0.73576
-0.71792,0.053351,0.69408,0.022519,0.99832,-0.053444,-0.69576,-0.022738,-0.71791
-0.6988,0.053345,0.71332,0.022431,0.99836,-0.052687,-0.71496,-0.020818,-0.69885
-0.67883,0.052708,0.7324,0.020884,0.9984,-0.052494,-0.734,-0.020339,-0.67885
-0.65835,0.052836,0.75086,0.019149,0.99839,-0.053464,-0.75247,-0.020819,-0.6583
-0.63756,0.052406,0.76862,0.016876,0.99839,-0.054074,-0.77022,-0.021504,-0.63742
-0.6162,0.052187,0.78586,0.015872,0.99842,-0.053857,-0.78743,-0.020713,-0.61605
-0.59362,0.0519,0.80307,0.016176,0.99849,-0.052572,-0.80458,-0.018218,-0.59356
-0.56944,0.052133,0.82038,0.016031,0.9985,-0.052325,-0.82187,-0.016645,-0.56942
-0.544,0.05521,0.83726,0.018098,0.99837,-0.054075,-0.83889,-0.014264,-0.54412
-0.51713,0.05633,0.85405,0.018602,0.99834,-0.054582,-0.8557,-0.012339,-0.51732
-0.48993,0.054882,0.87004,0.017162,0.99843,-0.053317,-0.8716,-0.01119,-0.4901
-0.46184,0.052663,0.8854,0.016145,0.99857,-0.050973,-0.88682,-0.0092466,-0.46203
-0.43225,0.053324,0.90018,0.016633,0.99855,-0.051165,-0.9016,-0.007143,-0.43251
-0.40118,0.055806,0.9143,0.017256,0.99843,-0.053369,-0.91584,-0.0056338,-0.40151
-0.36913,0.057481,0.9276,0.018971,0.99834,-0.054316,-0.92918,-0.0024524,-0.36961
-0.33694,0.058175,0.93973,0.020996,0.99831,-0.054273,-0.94129,0.0014436,-0.33759
-0.30412,0.057462,0.9509,0.020995,0.99834,-0.053615,-0.9524,0.0036593,-0.30482
-0.2704,0.056568,0.96108,0.02278,0.99837,-0.052354,-0.96248,0.0077372,-0.27125
-0.23619,0.054236,0.97019,0.022539,0.99848,-0.050331,-0.97144,0.009979,-0.23706
-0.20112,0.052871,0.97814,0.023513,0.99852,-0.049138,-0.97928,0.013116,-0.20207
-0.16578,0.052063,0.98479,0.024454,0.99852,-0.048672,-0.98586,0.016014,-0.1668
-0.13002,0.051771,0.99016,0.024938,0.99849,-0.048932,-0.9912,0.01833,-0.13112
-0.094169,0.051458,0.99423,0.025701,0.99846,-0.049243,-0.99522,0.020915,-0.095346
-0.058737,0.051635,0.99694,0.024612,0.99843,-0.050262,-0.99797,0.021585,-0.059916
-0.024079,0.051441,0.99839,0.023957,0.99842,-0.050865,-0.99942,0.022693,-0.025274
0.0095772,0.050254,0.99869,0.022925,0.99846,-0.050462,-0.99969,0.023378,0.0084104
0.042759,0.050339,0.99782,0.021529,0.99845,-0.051294,-0.99885,0.023675,0.041609
0.075859,0.050334,0.99585,0.022322,0.99839,-0.052163,-0.99687,0.026186,0.074613
0.10812,0.048255,0.99297,0.023357,0.99842,-0.051064,-0.99386,0.028714,0.10683
0.13951,0.046597,0.98912,0.02455,0.99842,-0.050498,-0.98992,0.031328,0.13815
0.16991,0.046542,0.98436,0.025725,0.99833,-0.051643,-0.98512,0.034097,0.16843
0.19993,0.046326,0.97872,0.027598,0.99822,-0.052886,-0.97942,0.037584,0.19829
0.22999,0.045348,0.97213,0.029683,0.99812,-0.053583,-0.97274,0.04118,0.22822
0.26029,0.043641,0.96454,0.032229,0.99803,-0.053853,-0.96499,0.045104,0.25837
0.29027,0.041985,0.95602,0.034007,0.99795,-0.054152,-0.95634,0.04823,0.28825
0.31995,0.040929,0.94655,0.03704,0.99776,-0.055663,-0.94671,0.05287,0.31772
0.34859,0.040316,0.93641,0.037497,0.99767,-0.056913,-0.93653,0.054952,0.34627
0.37672,0.038306,0.92553,0.038163,0.99765,-0.056824,-0.92554,0.056728,0.37438
0.40475,0.03727,0.91367,0.038192,0.99761,-0.057612,-0.91363,0.058213,0.40236
0.43307,0.03809,0.90055,0.039219,0.99736,-0.061044,-0.90051,0.061755,0.43044
0.46123,0.038771,0.88643,0.040536,0.99708,-0.064702,-0.88635,0.065775,0.45831
0.48856,0.037715,0.87171,0.041455,0.99693,-0.066366,-0.87154,0.068561,0.4855
0.5151,0.034537,0.85643,0.042244,0.99695,-0.065612,-0.85609,0.069976,0.51207
0.54022,0.032369,0.8409,0.041565,0.99701,-0.065081,-0.8405,0.07011,0.53726
0.56333,0.03211,0.82561,0.039719,0.99704,-0.065878,-0.82528,0.069904,0.56039
0.58433,0.03216,0.81088,0.038408,0.997,-0.067219,-0.8106,0.070423,0.58134
0.6038,0.030828,0.79654,0.037396,0.99706,-0.066935,-0.79626,0.070203,0.60087
0.62208,0.028215,0.78245,0.036916,0.99718,-0.065308,-0.78208,0.069512,0.61928
0.63916,0.024901,0.76867,0.037806,0.99725,-0.063742,-0.76814,0.069802,0.63646
0.65521,0.022521,0.75511,0.038407,0.99727,-0.063071,-0.75447,0.070326,0.65256
0.67055,0.020116,0.74159,0.040029,0.9972,-0.063243,-0.74078,0.072093,0.66786
0.68555,0.019658,0.72776,0.039738,0.99713,-0.064368,-0.72694,0.073047,0.68281
0.70055,0.018205,0.71338,0.04016,0.99708,-0.064883,-0.71248,0.074102,0.69777
0.71532,0.016063,0.69861,0.03946,0.99721,-0.063332,-0.69768,0.07287,0.71269
0.72944,0.012716,0.68393,0.039699,0.99736,-0.060883,-0.6829,0.071561,0.727
0.74339,0.011079,0.66877,0.039515,0.99739,-0.060448,-0.66769,0.071362,0.74101
0.75686,0.010011,0.6535,0.041092,0.99718,-0.062867,-0.65228,0.074435,0.75431
0.76939,0.0096916,0.63871,0.041264,0.99704,-0.064836,-0.63745,0.07624,0.76671
0.78098,0.0086691,0.6245,0.040511,0.99709,-0.064503,-0.62325,0.075674,0.77836
0.79192,0.0062689,0.61059,0.040621,0.99719,-0.062923,-0.60927,0.074633,0.78944
0.80253,0.0030504,0.5966,0.042085,0.99721,-0.061711,-0.59512,0.074633,0.80016
0.81245,0.0023524,0.58303,0.04227,0.99712,-0.062925,-0.5815,0.075768,0.81001
0.82156,-7.9536e-05,0.57012,0.045345,0.99684,-0.065206,-0.56831,0.079423,0.81897
0.83009,-0.0025214,0.55762,0.046912,0.99676,-0.065328,-0.55565,0.080388,0.82752
0.83789,-0.0061695,0.54581,0.048949,0.99676,-0.063877,-0.54364,0.080239,0.83547
0.84482,-0.0071974,0.53501,0.0499,0.99661,-0.065388,-0.53272,0.081937,0.84231
0.85044,-0.0089971,0.52599,0.050766,0.99659,-0.065034,-0.52361,0.08201,0.848
0.85443,-0.0097823,0.51947,0.050068,0.99672,-0.063583,-0.51714,0.080336,0.85212
0.85738,-0.011357,0.51455,0.050499,0.99679,-0.062144,-0.51219,0.079265,0.85521
0.86002,-0.012117,0.51012,0.05048,0.99683,-0.061425,-0.50776,0.078578,0.85791
0.8625,-0.01352,0.50588,0.051806,0.99675,-0.061688,-0.5034,0.079413,0.86039
0.86468,-0.015579,0.50208,0.052555,0.99684,-0.059579,-0.49956,0.077903,0.86277
0.8668,-0.017762,0.49834,0.05415,0.99681,-0.058659,-0.49571,0.077831,0.86499
0.86908,-0.019138,0.49431,0.055584,0.9967,-0.059138,-0.49155,0.078871,0.86727
0.87122,-0.020145,0.49048,0.05634,0.99666,-0.059137,-0.48765,0.079155,0.86944
0.87334,-0.019818,0.48671,0.055324,0.99674,-0.058687,-0.48396,0.07818,0.87159
0.87545,-0.020437,0.48288,0.055563,0.99674,-0.058549,-0.4801,0.078087,0.87373
0.87735,-0.020266,0.47942,0.055013,0.99677,-0.05854,-0.47668,0.077734,0.87563
0.87869,-0.018983,0.47701,0.05328,0.99687,-0.058476,-0.4744,0.076797,0.87695
0.87955,-0.017132,0.47549,0.050811,0.99702,-0.058066,-0.47308,0.075232,0.8778
0.88005,-0.0168,0.47458,0.050247,0.99706,-0.057883,-0.47221,0.074787,0.87831
0.88065,-0.015136,0.47353,0.048893,0.99706,-0.059058,-0.47124,0.075162,0.87879
0.88128,-0.013241,0.47241,0.047534,0.99702,-0.060731,-0.4702,0.075977,0.87929
0.88167,-0.011759,0.47173,0.046739,0.99695,-0.062505,-0.46956,0.077156,0.87953
0.88165,-0.010025,0.4718,0.044699,0.99705,-0.062341,-0.46979,0.076052,0.8795
0.88185,-0.0094335,0.47144,0.043554,0.99716,-0.061515,-0.46952,0.07478,0.87975
0.882,-0.011126,0.47112,0.044817,0.99717,-0.060353,-0.46912,0.074346,0.88
0.88211,-0.014264,0.47083,0.047483,0.99714,-0.058752,-0.46865,0.074182,0.88027
0.8822,-0.016361,0.47058,0.049295,0.99711,-0.057747,-0.46828,0.074142,0.88046
0.88241,-0.017335,0.47017,0.051182,0.99693,-0.059302,-0.46769,0.076393,0.88058
0.88263,-0.017696,0.46973,0.052754,0.99671,-0.061576,-0.46709,0.079129,0.88066
0.88276,-0.017751,0.46948,0.052967,0.99668,-0.06191,-0.46682,0.079519,0.88077
0.88282,-0.017958,0.46937,0.052177,0.99683,-0.06,-0.46681,0.07746,0.88096
0.88288,-0.018679,0.46923,0.052021,0.99695,-0.058195,-0.46671,0.075789,0.88116
0.88287,-0.018992,0.46923,0.051737,0.99703,-0.05699,-0.46675,0.074591,0.88124
0.88292,-0.018861,0.46915,0.051743,0.99702,-0.057297,-0.46666,0.074864,0.88126
0.88298,-0.018722,0.46904,0.051839,0.99698,-0.057793,-0.46654,0.075345,0.88129
0.88305,-0.018362,0.46891,0.051533,0.99699,-0.058007,-0.46643,0.075387,0.88134
0.88317,-0.017274,0.46873,0.050789,0.99697,-0.058954,-0.46629,0.075873,0.88137
0.88329,-0.015915,0.46856,0.049449,0.99701,-0.059355,-0.46621,0.075597,0.88144
0.88332,-0.017172,0.46846,0.048495,0.99731,-0.054883,-0.46626,0.071197,0.88178
0.88339,-0.019967,0.4682,0.048547,0.99762,-0.049052,-0.46611,0.066063,0.88226
0.88354,-0.020808,0.46789,0.048376,0.99772,-0.046979,-0.46585,0.064142,0.88254
0.88378,-0.020058,0.46747,0.04788,0.99771,-0.047711,-0.46544,0.064549,0.88272
0.88404,-0.019621,0.46699,0.047604,0.9977,-0.048198,-0.46497,0.06484,0.88295
0.88447,-0.020006,0.46618,0.046693,0.99786,-0.045768,-0.46426,0.062248,0.88351
0.88515,-0.021727,0.4648,0.047233,0.99794,-0.043299,-0.46291,0.06028,0.88436
0.88596,-0.022561,0.4632,0.047964,0.99792,-0.043135,-0.46127,0.060434,0.8852
0.88692,-0.022972,0.46135,0.048667,0.99785,-0.043873,-0.45936,0.061365,0.88613
0.88823,-0.022531,0.45884,0.047998,0.99788,-0.043916,-0.45688,0.061031,0.88743
0.88968,-0.022976,0.456,0.047611,0.99796,-0.042608,-0.45409,0.059618,0.88896
0.89107,-0.023582,0.45325,0.046954,0.99808,-0.040381,-0.45143,0.057265,0.89047
0.89238,-0.025331,0.45057,0.047182,0.99819,-0.037329,-0.44881,0.054571,0.89196
0.89373,-0.027589,0.44775,0.048372,0.99821,-0.035046,-0.44599,0.052981,0.89347
0.89514,-0.028631,0.44487,0.049429,0.99816,-0.035218,-0.44304,0.053515,0.8949
0.89655,-0.029227,0.44198,0.050207,0.9981,-0.035843,-0.44009,0.054325,0.89631
0.89793,-0.028258,0.43923,0.049721,0.99806,-0.037435,-0.43732,0.055453,0.89759
0.89903,-0.027847,0.43701,0.049201,0.99808,-0.037618,-0.43512,0.05532,0.89867
0.89986,-0.027444,0.43532,0.047891,0.9982,-0.036066,-0.43354,0.053302,0.89955
0.9003,-0.026171,0.43448,0.047378,0.99815,-0.03805,-0.43269,0.054841,0.89988
0.90041,-0.025057,0.43432,0.048526,0.99789,-0.043031,-0.43233,0.059821,0.89973
0.90047,-0.020319,0.43443,0.045698,0.9978,-0.048053,-0.4325,0.063124,0.89942
0.89971,-0.017486,0.43614,0.043136,0.99787,-0.048976,-0.43435,0.062877,0.89855
0.89807,-0.014016,0.43962,0.039431,0.99803,-0.048733,-0.43807,0.061101,0.89686
0.89533,-0.0083391,0.44533,0.03397,0.99819,-0.049603,-0.44412,0.059538,0.89399
0.89168,-0.0051571,0.45263,0.030928,0.99829,-0.049553,-0.4516,0.058185,0.89032
0.88742,-0.0034365,0.46095,0.02966,0.99833,-0.04966,-0.46,0.057741,0.88604
0.88247,-0.0024048,0.47036,0.028836,0.99838,-0.048996,-0.46948,0.056801,0.88111
0.87683,-0.0022188,0.48079,0.028659,0.99845,-0.047658,-0.47994,0.055568,0.87554
0.87031,-0.004029,0.49249,0.030987,0.99843,-0.046592,-0.49153,0.05581,0.86907
0.86314,-0.0028865,0.50495,0.029962,0.99851,-0.045507,-0.50407,0.054409,0.86195
0.8552,-0.0022425,0.5183,0.029592,0.99857,-0.044506,-0.51746,0.053399,0.85404
0.84624,0.00030151,0.53281,0.027496,0.99864,-0.044236,-0.5321,0.052084,0.84508
0.83592,0.0042344,0.54883,0.025836,0.99856,-0.047055,-0.54824,0.053514,0.83461
0.82438,0.0068654,0.56599,0.024774,0.99853,-0.048196,-0.56549,0.053754,0.823
0.8118,0.0093169,0.58386,0.023228,0.99857,-0.04823,-0.58348,0.052715,0.81042
0.79778,0.010662,0.60286,0.022103,0.99865,-0.046912,-0.60255,0.05075,0.79647
0.78307,0.01239,0.62181,0.019768,0.9988,-0.044797,-0.62162,0.047371,0.78188
0.76706,0.014519,0.64141,0.01738,0.99891,-0.043396,-0.64134,0.044435,0.76597
0.75007,0.017227,0.66113,0.015579,0.99892,-0.043703,-0.66117,0.04308,0.749
0.73184,0.020203,0.68118,0.014253,0.99889,-0.044939,-0.68133,0.042597,0.73074
0.71198,0.022967,0.70182,0.012534,0.99889,-0.045404,-0.70209,0.041123,0.7109
0.69055,0.025755,0.72282,0.010389,0.99891,-0.045517,-0.72321,0.038942,0.68953
0.66723,0.027038,0.74436,0.0091168,0.99897,-0.044458,-0.74479,0.03645,0.6663
0.64207,0.028141,0.76613,0.0077078,0.99904,-0.043156,-0.76661,0.033614,0.64124
0.61563,0.027876,0.78754,0.0076605,0.99912,-0.041353,-0.788,0.031491,0.61488
0.58803,0.028824,0.80833,0.006839,0.99915,-0.040604,-0.80881,0.029405,0.58733
0.55971,0.03038,0.82813,0.0064266,0.99914,-0.040997,-0.82866,0.028268,0.55903
0.53076,0.033176,0.84687,0.0056534,0.99907,-0.042681,-0.8475,0.027441,0.53008
0.50085,0.033782,0.86487,0.0055289,0.99909,-0.042226,-0.86551,0.025931,0.50021
0.47049,0.033011,0.88179,0.0054508,0.99917,-0.040314,-0.88239,0.023774,0.46993
0.43978,0.032114,0.89753,0.0059508,0.99923,-0.038669,-0.89808,0.022347,0.43926
0.40823,0.033948,0.91225,0.004729,0.99922,-0.0393,-0.91287,0.020358,0.40775
0.37589,0.036373,0.92595,0.0056491,0.99912,-0.041541,-0.92665,0.020846,0.37535
0.34291,0.039177,0.93855,0.0060815,0.99902,-0.043923,-0.93935,0.020769,0.34233
0.30982,0.039827,0.94996,0.006644,0.99901,-0.044051,-0.95077,0.019959,0.30925
0.27588,0.038446,0.96042,0.0045126,0.99914,-0.041292,-0.96118,0.015726,0.27547
0.24145,0.036138,0.96974,0.0047224,0.99925,-0.038414,-0.9704,0.013855,0.2411
0.20691,0.035715,0.97771,0.0036301,0.9993,-0.037272,-0.97835,0.011261,0.20663
0.17174,0.037035,0.98445,0.0039532,0.99926,-0.038282,-0.98513,0.010466,0.17146
0.13682,0.042025,0.9897,0.0016236,0.99909,-0.042648,-0.99059,0.0074421,0.13663
0.10195,0.046257,0.99371,0.00069428,0.99891,-0.04657,-0.99479,0.0054378,0.10181
0.067036,0.047482,0.99662,-0.00026669,0.99887,-0.047571,-0.99775,0.0029232,0.066973
0.031567,0.044842,0.9985,-0.0020415,0.99899,-0.0448,-0.9995,-0.00062418,0.031627
-0.0039404,0.039628,0.99921,-0.0028107,0.99921,-0.03964,-0.99999,-0.0029646,-0.0038259
-0.039629,0.036583,0.99854,-0.0046383,0.99931,-0.036795,-0.9992,-0.0060897,-0.039432
-0.076065,0.038936,0.99634,-0.0041386,0.99922,-0.039364,-0.99709,-0.0071177,-0.075844
-0.11235,0.042079,0.99278,-0.0028285,0.99909,-0.042667,-0.99366,-0.0076018,-0.11213
-0.1489,0.04203,0.98796,-0.0045147,0.99906,-0.043182,-0.98884,-0.01089,-0.14856
-0.18517,0.038573,0.98195,-0.0070052,0.99915,-0.04057,-0.98268,-0.014391,-0.18474
-0.22127,0.035812,0.97455,-0.0079396,0.99923,-0.038521,-0.97518,-0.016261,-0.22082
-0.25688,0.032776,0.96589,-0.0098841,0.99928,-0.036538,-0.96639,-0.018933,-0.25637
-0.2919,0.030128,0.95597,-0.0096561,0.99936,-0.034444,-0.9564,-0.019285,-0.29142
-0.32656,0.026827,0.94479,-0.0098873,0.99945,-0.031796,-0.94512,-0.019725,-0.32612
-0.36105,0.024219,0.93223,-0.0095621,0.99951,-0.02967,-0.9325,-0.019626,-0.36064
-0.39511,0.022532,0.91836,-0.010737,0.99952,-0.029143,-0.91857,-0.021376,-0.39468
-0.4287,0.022168,0.90317,-0.011931,0.99947,-0.030195,-0.90337,-0.02372,-0.42821
-0.46137,0.022518,0.88692,-0.010703,0.99946,-0.030944,-0.88715,-0.023769,-0.46088
-0.49342,0.020819,0.86954,-0.011543,0.99947,-0.03048,-0.86971,-0.025077,-0.49292
-0.52564,0.018924,0.85049,-0.012865,0.99946,-0.03019,-0.85061,-0.026811,-0.52512
-0.55785,0.019358,0.82972,-0.013885,0.99937,-0.032651,-0.82983,-0.029735,-0.55723
-0.58949,0.018701,0.80756,-0.01663,0.99924,-0.035279,-0.80761,-0.034227,-0.58873
-0.62037,0.016941,0.78413,-0.018447,0.99917,-0.036181,-0.78409,-0.03691,-0.61954
-0.65012,0.015354,0.75968,-0.019205,0.99914,-0.03663,-0.75959,-0.038403,-0.64927
-0.67914,0.012806,0.7339,-0.02179,0.99906,-0.037596,-0.73369,-0.041525,-0.67822
-0.70701,0.012406,0.70709,-0.021584,0.999,-0.039109,-0.70687,-0.042913,-0.70604
-0.7339,0.01033,0.67918,-0.023481,0.9989,-0.040565,-0.67885,-0.045719,-0.73285
-0.76,0.0091209,0.64986,-0.024465,0.99879,-0.042629,-0.64947,-0.048297,-0.75885
-0.78431,0.0082613,0.62031,-0.02341,0.9988,-0.042902,-0.61993,-0.04817,-0.78318
-0.80759,0.0061691,0.58971,-0.022694,0.99888,-0.041528,-0.58931,-0.04692,-0.80655
-0.82991,0.0053528,0.55786,-0.020869,0.99896,-0.040631,-0.5575,-0.045363,-0.82894
-0.85072,0.0053849,0.52559,-0.01917,0.99896,-0.041262,-0.52527,-0.045178,-0.84973
-0.87031,0.0020968,0.4925,-0.020056,0.99901,-0.039695,-0.49209,-0.044425,-0.86941
-0.88826,0.0021024,0.45934,-0.01613,0.99923,-0.035765,-0.45906,-0.039178,-0.88754
-0.90409,-0.0015177,0.42734,-0.016991,0.99933,-0.032397,-0.427,-0.036551,-0.90351
-0.91856,-0.0054365,0.39524,-0.019457,0.99932,-0.031474,-0.39479,-0.036601,-0.91804
-0.93187,4.6055e-05,0.36279,-0.013428,0.99931,-0.034618,-0.36255,-0.037131,-0.93123
-0.94314,-0.0017691,0.3324,-0.016318,0.99903,-0.040983,-0.332,-0.044077,-0.94225
-0.95215,-0.0014134,0.30564,-0.016185,0.99882,-0.045802,-0.30521,-0.048557,-0.95105
-0.9597,0.0011558,0.28102,-0.011855,0.99893,-0.044593,-0.28077,-0.046128,-0.95866
-0.96601,0.0043522,0.25845,-0.0068517,0.99908,-0.042434,-0.2584,-0.042763,-0.96509
-0.97093,0.0060219,0.2393,-0.0037896,0.99917,-0.04052,-0.23935,-0.040248,-0.9701
-0.9746,0.0076195,0.22383,-0.0013468,0.9992,-0.039879,-0.22396,-0.039167,-0.97381
-0.97728,0.0095884,0.21171,0.0010525,0.99918,-0.040394,-0.21193,-0.039254,-0.9765
-0.97927,0.009971,0.20229,0.0015822,0.99913,-0.041588,-0.20253,-0.040406,-0.97844
-0.98094,0.010475,0.19401,0.0023648,0.99912,-0.041986,-0.19428,-0.040727,-0.9801
-0.98248,0.010008,0.18611,0.0023139,0.99914,-0.041513,-0.18637,-0.040355,-0.98165
-0.984,0.0097954,0.17789,0.0025785,0.99917,-0.040756,-0.17814,-0.039645,-0.98321
-0.9854,0.0095838,0.16997,0.0025683,0.99914,-0.041446,-0.17022,-0.040405,-0.98458
-0.98678,0.010307,0.16174,0.0035839,0.99912,-0.041805,-0.16203,-0.040672,-0.98595
-0.98809,0.010522,0.15351,0.0041727,0.99912,-0.041626,-0.15382,-0.04049,-0.98727
-0.98934,0.0096082,0.14532,0.0036817,0.99915,-0.040996,-0.14559,-0.040024,-0.98853
-0.99049,0.0097807,0.13724,0.0043599,0.9992,-0.039742,-0.13752,-0.038766,-0.98974
-0.99148,0.0094176,0.12992,0.0043662,0.99923,-0.03911,-0.13019,-0.03821,-0.99075
-0.99219,0.011166,0.12425,0.0063441,0.99921,-0.039135,-0.12459,-0.038041,-0.99148
-0.99264,0.013049,0.12038,0.0083912,0.9992,-0.039121,-0.1208,-0.037823,-0.99196
-0.99287,0.015702,0.1182,0.011368,0.99924,-0.037249,-0.11869,-0.03564,-0.99229
-0.99288,0.01792,0.11774,0.013824,0.99927,-0.03552,-0.11829,-0.033639,-0.99241
-0.99274,0.020092,0.1186,0.016038,0.99926,-0.035041,-0.11921,-0.032885,-0.99232
-0.99229,0.024537,0.12148,0.02039,0.99917,-0.035263,-0.12224,-0.032514,-0.99197
-0.99161,0.027809,0.12627,0.023349,0.99905,-0.036662,-0.12717,-0.033406,-0.99132
-0.99062,0.028573,0.13366,0.023551,0.99896,-0.039004,-0.13464,-0.03549,-0.99026
-0.98914,0.029752,0.14393,0.024218,0.9989,-0.040055,-0.14496,-0.036134,-0.98878
-0.98727,0.029245,0.15632,0.023605,0.99901,-0.037819,-0.15727,-0.033648,-0.98698
-0.98501,0.028111,0.17022,0.022695,0.99917,-0.033682,-0.17102,-0.029314,-0.98483
-0.98206,0.026399,0.18672,0.020577,0.99924,-0.03305,-0.18745,-0.028615,-0.98186
-0.97807,0.027024,0.20652,0.020345,0.9992,-0.034396,-0.20729,-0.029439,-0.97784
-0.97263,0.03109,0.23026,0.023796,0.99913,-0.03439,-0.23113,-0.02797,-0.97252
-0.96598,0.031135,0.25674,0.023205,0.99916,-0.033863,-0.25758,-0.026754,-0.96589
-0.95769,0.031677,0.28606,0.023039,0.99917,-0.033514,-0.28688,-0.025506,-0.95763
-0.94683,0.034994,0.31982,0.02504,0.99907,-0.035184,-0.32075,-0.025305,-0.94682
-0.93303,0.035909,0.35801,0.024472,0.99904,-0.036427,-0.35897,-0.025226,-0.93301
-0.91574,0.036666,0.4001,0.024607,0.99908,-0.035238,-0.40103,-0.022423,-0.91579
