1,9.0437e-12,2.3268e-11,1.1102e-16,9.0437e-12,1,2.3924e-10,3.3307e-16,2.3268e-11,2.3924e-10,1,-2.2204e-16,0,0,0,1
1,-0.0022201,-0.0013039,0.0055425,0.0022236,0.99999,0.0026596,-0.030477,0.001298,-0.0026625,1,1.529,0,0,0,1
0.99999,-0.003007,-0.0028258,0.0056643,0.003017,0.99999,0.0035355,-0.06013,0.0028152,-0.003544,0.99999,3.0524,0,0,0,1
0.99999,-0.0021285,-0.0042058,0.0032672,0.0021417,0.99999,0.0031399,-0.088382,0.0041991,-0.0031488,0.99999,4.5663,0,0,0,1
0.99998,-0.0015245,-0.0056439,-0.0066489,0.0015426,0.99999,0.0031883,-0.11071,0.005639,-0.003197,0.99998,6.0794,0,0,0,1
0.99997,-0.0016258,-0.0069263,-0.018432,0.0016511,0.99999,0.0036417,-0.13144,0.0069203,-0.0036531,0.99997,7.6153,0,0,0,1
0.99996,-0.0017397,-0.0085162,-0.031716,0.0017723,0.99999,0.00382,-0.15296,0.0085095,-0.0038349,0.99996,9.0991,0,0,0,1
0.99994,-0.0035359,-0.010287,-0.04481,0.0035667,0.99999,0.002972,-0.17437,0.010277,-0.0030085,0.99994,10.599,0,0,0,1
0.99992,-0.004713,-0.011639,-0.06194,0.0047513,0.99998,0.0032627,-0.18903,0.011623,-0.0033177,0.99993,12.094,0,0,0,1
0.99991,-0.0047498,-0.01291,-0.081952,0.0047937,0.99998,0.0033732,-0.20579,0.012894,-0.0034348,0.99991,13.587,0,0,0,1
0.99989,-0.0042288,-0.014077,-0.10778,0.0042715,0.99999,0.003009,-0.2249,0.014064,-0.0030688,0.9999,15.076,0,0,0,1
0.99989,-0.0026233,-0.014555,-0.13835,0.0026766,0.99999,0.0036445,-0.24924,0.014545,-0.003683,0.99989,16.56,0,0,0,1
0.99989,-0.0010532,-0.015,-0.17276,0.0011188,0.99999,0.0043637,-0.27232,0.014995,-0.00438,0.99988,18.043,0,0,0,1
0.99988,-2.451e-05,-0.015573,-0.20585,0.00010517,0.99999,0.0051787,-0.29578,0.015573,-0.0051797,0.99987,19.516,0,0,0,1
0.99987,-2.3539e-05,-0.016009,-0.23869,0.00010975,0.99999,0.0053843,-0.31328,0.016009,-0.0053853,0.99986,20.99,0,0,0,1
0.99986,0.00044139,-0.01651,-0.26787,-0.00035087,0.99998,0.0054852,-0.32802,0.016512,-0.0054786,0.99985,22.452,0,0,0,1
0.99986,0.0011194,-0.016547,-0.2978,-0.0010193,0.99998,0.0060599,-0.34148,0.016554,-0.0060422,0.99984,23.909,0,0,0,1
0.99986,0.0020499,-0.016516,-0.32869,-0.0019311,0.99997,0.0072066,-0.3566,0.01653,-0.0071737,0.99984,25.361,0,0,0,1
0.99986,0.0023773,-0.016454,-0.3584,-0.0022725,0.99998,0.0063802,-0.37018,0.016469,-0.006342,0.99984,26.802,0,0,0,1
0.99986,0.0027691,-0.016383,-0.38816,-0.0027083,0.99999,0.0037313,-0.39038,0.016393,-0.0036864,0.99986,28.235,0,0,0,1
0.99987,0.0011703,-0.016089,-0.41569,-0.0011115,0.99999,0.0036642,-0.41275,0.016094,-0.0036458,0.99986,29.661,0,0,0,1
0.99987,0.00021022,-0.015821,-0.4428,-0.00010866,0.99998,0.0064202,-0.43506,0.015822,-0.0064177,0.99985,31.082,0,0,0,1
0.99988,-0.0014611,-0.015651,-0.46786,0.0015867,0.99997,0.0080205,-0.45397,0.015639,-0.0080444,0.99985,32.493,0,0,0,1
0.99988,-0.0024481,-0.015404,-0.49371,0.0025599,0.99997,0.0072406,-0.46781,0.015386,-0.0072792,0.99986,33.888,0,0,0,1
0.99988,-0.0023514,-0.014992,-0.52302,0.0024346,0.99998,0.0055396,-0.48452,0.014979,-0.0055755,0.99987,35.272,0,0,0,1
0.9999,-0.0015582,-0.014356,-0.55487,0.0016214,0.99999,0.0043917,-0.50271,0.014349,-0.0044145,0.99989,36.64,0,0,0,1
0.99991,-0.00086657,-0.013455,-0.58316,0.00091873,0.99999,0.0038712,-0.5237,0.013451,-0.0038832,0.9999,37.996,0,0,0,1
0.99992,-0.00031444,-0.012311,-0.61101,0.00037054,0.99999,0.0045546,-0.54468,0.01231,-0.0045588,0.99991,39.33,0,0,0,1
0.99994,0.00033416,-0.010705,-0.63516,-0.00026101,0.99998,0.0068341,-0.56509,0.010707,-0.0068309,0.99992,40.654,0,0,0,1
0.99996,-0.0002712,-0.0090458,-0.65597,0.00034349,0.99997,0.0079907,-0.58377,0.0090433,-0.0079935,0.99993,41.957,0,0,0,1
0.99998,6.7779e-05,-0.0067596,-0.67319,-1.0467e-05,0.99996,0.0084783,-0.60122,0.0067599,-0.008478,0.99994,43.24,0,0,0,1
0.99999,5.491e-05,-0.0033654,-0.68654,-2.6805e-05,0.99997,0.0083506,-0.61782,0.0033657,-0.0083504,0.99996,44.503,0,0,0,1
1,-0.00078467,0.0003219,-0.69359,0.00078267,0.99998,0.0061896,-0.63502,-0.00032675,-0.0061894,0.99998,45.744,0,0,0,1
0.99999,-0.0011001,0.0038035,-0.69596,0.0010828,0.99999,0.0045596,-0.65267,-0.0038085,-0.0045554,0.99998,46.977,0,0,0,1
0.99997,-0.00067729,0.0078617,-0.7002,0.00063682,0.99999,0.0051491,-0.66454,-0.0078651,-0.005144,0.99996,48.198,0,0,0,1
0.99991,-0.00026205,0.013158,-0.69752,0.00019374,0.99999,0.0051921,-0.67819,-0.013159,-0.0051891,0.9999,49.407,0,0,0,1
0.9998,0.0011853,0.019745,-0.69036,-0.0012672,0.99999,0.004133,-0.69,-0.01974,-0.0041572,0.9998,50.606,0,0,0,1
0.99963,0.0027271,0.027181,-0.67597,-0.0028331,0.99999,0.0038621,-0.70207,-0.027171,-0.0039377,0.99962,51.791,0,0,0,1
0.99936,0.0037286,0.035594,-0.64738,-0.003917,0.99998,0.0052246,-0.71261,-0.035573,-0.0053607,0.99935,52.969,0,0,0,1
0.99893,0.0059557,0.045799,-0.60946,-0.0062211,0.99996,0.005655,-0.7231,-0.045764,-0.0059339,0.99893,54.133,0,0,0,1
0.99824,0.0082485,0.058742,-0.56006,-0.0086021,0.99995,0.0057702,-0.72978,-0.058691,-0.0062654,0.99826,55.281,0,0,0,1
0.99724,0.010306,0.073467,-0.49341,-0.010796,0.99992,0.0062866,-0.73908,-0.073396,-0.0070624,0.99728,56.412,0,0,0,1
0.99589,0.012646,0.089727,-0.41111,-0.013361,0.99988,0.0073712,-0.7469,-0.089624,-0.0085397,0.99594,57.531,0,0,0,1
0.99413,0.012878,0.10738,-0.30437,-0.013903,0.99986,0.0088039,-0.75522,-0.10725,-0.010245,0.99418,58.64,0,0,0,1
0.9919,0.012547,0.1264,-0.17726,-0.013694,0.99987,0.0082064,-0.76374,-0.12628,-0.0098708,0.99195,59.732,0,0,0,1
0.98913,0.011676,0.14658,-0.03028,-0.012821,0.99989,0.0068654,-0.77096,-0.14648,-0.00867,0.98918,60.807,0,0,0,1
0.98586,0.0091094,0.16734,0.14142,-0.010291,0.99993,0.0061972,-0.7802,-0.16727,-0.0078317,0.98588,61.868,0,0,0,1
0.98197,0.0037936,0.18902,0.34292,-0.0054713,0.99995,0.0083549,-0.79057,-0.18898,-0.0092385,0.98194,62.913,0,0,0,1
0.9773,-0.0017092,0.21183,0.56885,-0.00047458,0.99995,0.010258,-0.79915,-0.21184,-0.010126,0.97725,63.941,0,0,0,1
0.97187,-0.0068809,0.23542,0.82261,0.004699,0.99994,0.0098281,-0.80266,-0.23547,-0.0084454,0.97184,64.949,0,0,0,1
0.96547,-0.013312,0.26019,1.0986,0.011666,0.9999,0.0078685,-0.80563,-0.26027,-0.0045614,0.96552,65.935,0,0,0,1
0.95807,-0.017285,0.28601,1.4006,0.015629,0.99985,0.0080738,-0.80487,-0.2861,-0.0032654,0.95819,66.904,0,0,0,1
0.94956,-0.020055,0.31294,1.7194,0.017625,0.99979,0.010593,-0.80992,-0.31309,-0.0045435,0.94971,67.856,0,0,0,1
0.93996,-0.024307,0.34042,2.0709,0.020827,0.99969,0.013873,-0.81162,-0.34065,-0.0059499,0.94017,68.792,0,0,0,1
0.92917,-0.028002,0.36859,2.4452,0.024719,0.9996,0.013628,-0.81313,-0.36882,-0.0035519,0.92949,69.702,0,0,0,1
0.91722,-0.027345,0.39745,2.8367,0.025449,0.99963,0.010046,-0.81392,-0.39758,0.00090029,0.91757,70.588,0,0,0,1
0.90416,-0.028612,0.42624,3.2536,0.029448,0.99956,0.004629,-0.81667,-0.42618,0.0083665,0.9046,71.453,0,0,0,1
0.89007,-0.030669,0.45478,3.6972,0.033537,0.99944,0.0017625,-0.82176,-0.45458,0.013683,0.8906,72.3,0,0,0,1
0.87452,-0.031996,0.48393,4.1658,0.033865,0.99941,0.0048788,-0.82657,-0.4838,0.012122,0.87509,73.132,0,0,0,1
0.85697,-0.031224,0.51442,4.6564,0.029915,0.99949,0.010832,-0.83265,-0.5145,0.0061068,0.85747,73.951,0,0,0,1
0.83752,-0.031354,0.54551,5.1719,0.027166,0.99951,0.01574,-0.83791,-0.54573,0.0016366,0.83796,74.74,0,0,0,1
0.8165,-0.025946,0.57677,5.7074,0.024162,0.99965,0.010765,-0.83972,-0.57685,0.0051464,0.81684,75.501,0,0,0,1
0.79465,-0.019168,0.60677,6.2674,0.02143,0.99976,0.0035164,-0.84027,-0.60669,0.010209,0.79487,76.236,0,0,0,1
0.77224,-0.016424,0.63512,6.853,0.020558,0.99979,0.00085703,-0.84365,-0.635,0.012395,0.77241,76.942,0,0,0,1
0.74905,-0.019302,0.66223,7.4698,0.021961,0.99975,0.0042986,-0.85072,-0.66215,0.011324,0.74929,77.627,0,0,0,1
0.72473,-0.019538,0.68875,8.1028,0.021167,0.99976,0.0060884,-0.86208,-0.68871,0.010166,0.72497,78.284,0,0,0,1
0.69946,-0.018264,0.71444,8.7508,0.022699,0.99974,0.0033336,-0.87024,-0.71431,0.013886,0.69969,78.906,0,0,0,1
0.67334,-0.015817,0.73916,9.421,0.022909,0.99974,0.00052399,-0.87622,-0.73898,0.016581,0.67353,79.506,0,0,0,1
0.6464,-0.013424,0.76288,10.109,0.020857,0.99978,-8.0277e-05,-0.88447,-0.76271,0.015963,0.64654,80.082,0,0,0,1
0.61862,-0.012396,0.78559,10.823,0.0212,0.99977,-0.00091881,-0.89631,-0.7854,0.017223,0.61874,80.634,0,0,0,1
0.5901,-0.0063134,0.80731,11.554,0.020239,0.99977,-0.0069749,-0.9104,-0.80708,0.020455,0.59009,81.162,0,0,0,1
0.56024,0.0028354,0.82832,12.298,0.018923,0.99969,-0.016221,-0.94408,-0.82811,0.024762,0.56002,81.675,0,0,0,1
0.5296,0.011272,0.84817,13.066,0.018357,0.99953,-0.024745,-0.98998,-0.84805,0.028674,0.52914,82.178,0,0,0,1
0.49802,0.016318,0.86701,13.856,0.016122,0.99948,-0.028072,-1.0443,-0.86702,0.027958,0.49749,82.661,0,0,0,1
0.46566,0.015828,0.88482,14.671,0.013814,0.99959,-0.025151,-1.0912,-0.88485,0.023934,0.46525,83.103,0,0,0,1
0.43275,0.014185,0.9014,15.505,0.0093861,0.99975,-0.020239,-1.1418,-0.90146,0.017219,0.43251,83.526,0,0,0,1
0.39857,0.015069,0.91702,16.352,0.0053701,0.99981,-0.018763,-1.1829,-0.91712,0.012403,0.39841,83.906,0,0,0,1
0.36344,0.018019,0.93144,17.219,-0.0013245,0.99982,-0.018825,-1.224,-0.93162,0.0056081,0.3634,84.266,0,0,0,1
0.32769,0.020195,0.94457,18.101,-0.0067445,0.9998,-0.019036,-1.2585,-0.94476,-0.00013262,0.32776,84.589,0,0,0,1
0.29158,0.019346,0.95635,19.003,-0.0096483,0.9998,-0.017283,-1.2929,-0.9565,-0.0041878,0.29171,84.874,0,0,0,1
0.25542,0.018987,0.96664,19.92,-0.010462,0.9998,-0.016874,-1.3338,-0.96677,-0.0058031,0.25556,85.123,0,0,0,1
0.21959,0.018168,0.97542,20.853,-0.0098548,0.99982,-0.016404,-1.3893,-0.97554,-0.0060104,0.21973,85.339,0,0,0,1
0.18426,0.017268,0.98273,21.796,-0.0079393,0.99984,-0.01608,-1.4419,-0.98285,-0.0048392,0.18437,85.516,0,0,0,1
0.14971,0.015483,0.98861,22.75,-0.00046227,0.99988,-0.01559,-1.4874,-0.98873,0.0018769,0.1497,85.654,0,0,0,1
0.11611,0.018703,0.99306,23.704,0.0031974,0.99981,-0.019204,-1.5365,-0.99323,0.0054049,0.11603,85.758,0,0,0,1
0.083471,0.024498,0.99621,24.663,0.0036008,0.99968,-0.024886,-1.5789,-0.9965,0.0056643,0.083356,85.839,0,0,0,1
0.054115,0.028112,0.99814,25.626,0.010296,0.99953,-0.02871,-1.6374,-0.99848,0.011831,0.0538,85.884,0,0,0,1
0.028448,0.027693,0.99921,26.597,0.013164,0.99952,-0.028076,-1.6868,-0.99951,0.013952,0.02807,85.903,0,0,0,1
0.0058964,0.023764,0.9997,27.578,0.01408,0.99962,-0.023845,-1.7401,-0.99988,0.014217,0.0055596,85.908,0,0,0,1
-0.013229,0.020554,0.9997,28.561,0.014366,0.99969,-0.020364,-1.7856,-0.99981,0.014092,-0.01352,85.892,0,0,0,1
-0.029742,0.023439,0.99928,29.539,0.016292,0.9996,-0.022962,-1.8504,-0.99942,0.015598,-0.030112,85.86,0,0,0,1
-0.044512,0.029173,0.99858,30.521,0.018972,0.99942,-0.028352,-1.91,-0.99883,0.017683,-0.045039,85.81,0,0,0,1
-0.056447,0.033137,0.99786,31.506,0.023354,0.99922,-0.031861,-1.9686,-0.99813,0.021505,-0.057177,85.746,0,0,0,1
-0.065587,0.036968,0.99716,32.496,0.029362,0.99895,-0.035104,-2.0343,-0.99741,0.026976,-0.066604,85.67,0,0,0,1
-0.071332,0.042013,0.99657,33.485,0.032943,0.99867,-0.039743,-2.0965,-0.99691,0.029995,-0.072621,85.588,0,0,0,1
-0.07498,0.047367,0.99606,34.476,0.034848,0.99839,-0.044854,-2.1652,-0.99658,0.031348,-0.076509,85.506,0,0,0,1
-0.077721,0.051002,0.99567,35.474,0.037102,0.99815,-0.048233,-2.2303,-0.99628,0.033193,-0.079469,85.419,0,0,0,1
-0.080411,0.054556,0.99527,36.474,0.037553,0.99796,-0.051669,-2.3024,-0.99605,0.033221,-0.082295,85.333,0,0,0,1
-0.08277,0.057129,0.99493,37.476,0.038438,0.9978,-0.054095,-2.3724,-0.99583,0.033765,-0.084784,85.244,0,0,0,1
-0.084668,0.061262,0.99452,38.479,0.039504,0.99753,-0.058084,-2.4465,-0.99563,0.03437,-0.086879,85.151,0,0,0,1
-0.086685,0.062956,0.99424,39.488,0.042221,0.99734,-0.05947,-2.5319,-0.99534,0.036823,-0.089113,85.047,0,0,0,1
-0.088706,0.062058,0.99412,40.505,0.042522,0.99738,-0.058468,-2.6205,-0.99515,0.037086,-0.091112,84.943,0,0,0,1
-0.091197,0.060786,0.99398,41.523,0.041369,0.9975,-0.057206,-2.7038,-0.99497,0.035902,-0.093485,84.84,0,0,0,1
-0.09318,0.062368,0.99369,42.542,0.041892,0.9974,-0.058672,-2.7824,-0.99477,0.03616,-0.095551,84.733,0,0,0,1
-0.095653,0.064259,0.99334,43.563,0.040687,0.99733,-0.060599,-2.8628,-0.99458,0.034619,-0.098013,84.626,0,0,0,1
-0.098267,0.066807,0.99292,44.592,0.039327,0.99723,-0.063205,-2.947,-0.99438,0.032838,-0.10062,84.513,0,0,0,1
-0.10082,0.070173,0.99243,45.624,0.037149,0.99708,-0.066728,-3.0341,-0.99421,0.03014,-0.10313,84.396,0,0,0,1
-0.10304,0.074545,0.99188,46.658,0.03383,0.99687,-0.071406,-3.1217,-0.9941,0.026198,-0.10524,84.28,0,0,0,1
-0.10556,0.07714,0.99142,47.699,0.031586,0.99674,-0.074191,-3.2124,-0.99391,0.023483,-0.10765,84.16,0,0,0,1
-0.10825,0.075684,0.99124,48.743,0.029801,0.9969,-0.072861,-3.3007,-0.99368,0.021653,-0.11017,84.038,0,0,0,1
-0.11134,0.071231,0.99123,49.798,0.02642,0.99729,-0.068699,-3.3995,-0.99343,0.018539,-0.11292,83.912,0,0,0,1
-0.11392,0.069596,0.99105,50.851,0.026272,0.99741,-0.067022,-3.4912,-0.99314,0.018402,-0.11545,83.78,0,0,0,1
-0.11582,0.06985,0.99081,51.907,0.025982,0.9974,-0.067277,-3.5813,-0.99293,0.017951,-0.11734,83.646,0,0,0,1
-0.11715,0.072634,0.99045,52.963,0.027376,0.99718,-0.069889,-3.6685,-0.99274,0.018928,-0.11881,83.509,0,0,0,1
-0.11777,0.075417,0.99017,54.021,0.027904,0.99697,-0.072616,-3.7585,-0.99265,0.019078,-0.11952,83.37,0,0,0,1
-0.1182,0.076597,0.99003,55.09,0.027081,0.9969,-0.073895,-3.8533,-0.99262,0.018076,-0.11991,83.231,0,0,0,1
-0.11808,0.074829,0.99018,56.162,0.023743,0.99708,-0.07252,-3.9469,-0.99272,0.014947,-0.11951,83.097,0,0,0,1
-0.11831,0.074503,0.99018,57.236,0.019998,0.99716,-0.072639,-4.0434,-0.99278,0.011207,-0.11947,82.963,0,0,0,1
-0.11841,0.075365,0.9901,58.312,0.016294,0.99713,-0.073951,-4.1375,-0.99283,0.0073754,-0.1193,82.832,0,0,0,1
-0.11879,0.075704,0.99003,59.394,0.012258,0.99713,-0.074776,-4.2355,-0.99284,0.0032526,-0.11938,82.698,0,0,0,1
-0.11928,0.074812,0.99004,60.484,0.0086498,0.9972,-0.074311,-4.3329,-0.99282,-0.00030037,-0.1196,82.564,0,0,0,1
-0.11968,0.069891,0.99035,61.589,0.0085548,0.99755,-0.069366,-4.4277,-0.99278,0.00017087,-0.11998,82.42,0,0,0,1
-0.11997,0.061478,0.99087,62.692,0.011562,0.9981,-0.060526,-4.5074,-0.99271,0.004195,-0.12046,82.276,0,0,0,1
-0.11999,0.054828,0.99126,63.802,0.016247,0.99845,-0.053259,-4.5751,-0.99264,0.0097141,-0.12069,82.127,0,0,0,1
-0.11919,0.057536,0.9912,64.903,0.025025,0.99818,-0.054931,-4.6373,-0.99256,0.018258,-0.12041,81.972,0,0,0,1
-0.11795,0.06349,0.99099,66.007,0.031175,0.9977,-0.06021,-4.6988,-0.99253,0.023793,-0.11966,81.818,0,0,0,1
-0.11707,0.069162,0.99071,67.115,0.034552,0.99725,-0.065535,-4.7698,-0.99252,0.026559,-0.11914,81.671,0,0,0,1
-0.11635,0.07295,0.99053,68.228,0.035648,0.99696,-0.069236,-4.8482,-0.99257,0.027255,-0.11859,81.527,0,0,0,1
-0.11637,0.071988,0.99059,69.353,0.032858,0.9971,-0.068601,-4.9279,-0.99266,0.024565,-0.1184,81.388,0,0,0,1
-0.11613,0.066914,0.99098,70.485,0.030721,0.99749,-0.063754,-5.011,-0.99276,0.023039,-0.1179,81.249,0,0,0,1
-0.11595,0.063944,0.9912,71.621,0.029161,0.99771,-0.060953,-5.087,-0.99283,0.021837,-0.11755,81.11,0,0,0,1
-0.11583,0.06476,0.99116,72.753,0.027804,0.99769,-0.061938,-5.1629,-0.99288,0.020384,-0.11736,80.973,0,0,0,1
-0.11562,0.069213,0.99088,73.889,0.02804,0.9974,-0.066396,-5.2411,-0.9929,0.020107,-0.11726,80.831,0,0,0,1
-0.11493,0.073149,0.99068,75.028,0.028375,0.99712,-0.070333,-5.3238,-0.99297,0.020027,-0.11668,80.69,0,0,0,1
-0.11456,0.072155,0.99079,76.178,0.028432,0.99719,-0.069333,-5.4091,-0.99301,0.020228,-0.11629,80.548,0,0,0,1
-0.11403,0.064119,0.99141,77.339,0.029572,0.99769,-0.061124,-5.4936,-0.99304,0.022347,-0.11566,80.403,0,0,0,1
-0.11422,0.063258,0.99144,78.497,0.029375,0.99775,-0.060277,-5.5754,-0.99302,0.022239,-0.11583,80.261,0,0,0,1
-0.11412,0.06638,0.99125,79.654,0.027212,0.9976,-0.063673,-5.6533,-0.99309,0.019707,-0.11565,80.122,0,0,0,1
-0.11387,0.069565,0.99106,80.814,0.026692,0.9974,-0.066944,-5.7333,-0.99314,0.018831,-0.11543,79.982,0,0,0,1
-0.11377,0.069064,0.9911,81.989,0.025831,0.99745,-0.066541,-5.8202,-0.99317,0.018031,-0.11527,79.841,0,0,0,1
-0.11333,0.065787,0.99138,83.149,0.025024,0.99768,-0.063344,-5.9068,-0.99324,0.017629,-0.11471,79.702,0,0,0,1
-0.11233,0.064501,0.99158,84.312,0.025874,0.99774,-0.061971,-5.9916,-0.99333,0.018694,-0.11375,79.561,0,0,0,1
-0.11087,0.064727,0.99172,85.481,0.027331,0.9977,-0.062061,-6.0734,-0.99346,0.020224,-0.11238,79.419,0,0,0,1
-0.10968,0.065189,0.99183,86.656,0.03007,0.99761,-0.062244,-6.1433,-0.99351,0.022997,-0.11138,79.274,0,0,0,1
-0.10852,0.064742,0.99198,87.843,0.029759,0.99764,-0.061856,-6.2201,-0.99365,0.022808,-0.11019,79.133,0,0,0,1
-0.10713,0.065551,0.99208,89.03,0.031053,0.99756,-0.062559,-6.2927,-0.99376,0.024106,-0.1089,78.992,0,0,0,1
-0.10608,0.063038,0.99236,90.239,0.031279,0.99771,-0.060034,-6.3754,-0.99386,0.024672,-0.10781,78.85,0,0,0,1
-0.10507,0.062443,0.9925,91.453,0.02995,0.99777,-0.059604,-6.4589,-0.99401,0.023463,-0.10671,78.712,0,0,0,1
-0.10376,0.062006,0.99267,92.666,0.030985,0.99777,-0.059087,-6.5422,-0.99412,0.024627,-0.10545,78.573,0,0,0,1
-0.10218,0.062563,0.9928,93.887,0.029411,0.99777,-0.05985,-6.6277,-0.99433,0.023084,-0.10379,78.438,0,0,0,1
-0.10061,0.065531,0.99277,95.109,0.029786,0.99758,-0.06283,-6.7131,-0.99448,0.023249,-0.10231,78.303,0,0,0,1
-0.099454,0.065308,0.9929,96.338,0.028011,0.99763,-0.062814,-6.7987,-0.99465,0.021565,-0.10105,78.172,0,0,0,1
-0.099033,0.062642,0.99311,97.569,0.02388,0.99788,-0.060561,-6.8823,-0.9948,0.017718,-0.10032,78.058,0,0,0,1
-0.098867,0.063762,0.99306,98.802,0.021453,0.99785,-0.061934,-6.9663,-0.99487,0.015181,-0.10002,77.94,0,0,0,1
-0.099152,0.063872,0.99302,100.04,0.018872,0.99788,-0.0623,-7.0524,-0.99489,0.012563,-0.10015,77.822,0,0,0,1
-0.10023,0.060812,0.9931,101.29,0.016005,0.9981,-0.059503,-7.1387,-0.99484,0.0099305,-0.10101,77.7,0,0,0,1
-0.10151,0.059334,0.99306,102.54,0.013835,0.99821,-0.058228,-7.2248,-0.99474,0.0078286,-0.10215,77.578,0,0,0,1
-0.10284,0.058714,0.99296,103.78,0.012161,0.99826,-0.057767,-7.3086,-0.99462,0.0061347,-0.10338,77.45,0,0,0,1
-0.10456,0.058606,0.99279,105.03,0.011856,0.99826,-0.057681,-7.3946,-0.99445,0.0057401,-0.10507,77.319,0,0,0,1
-0.10683,0.057288,0.99263,106.28,0.012154,0.99834,-0.056309,-7.4784,-0.9942,0.006049,-0.10735,77.183,0,0,0,1
-0.10988,0.052358,0.99257,107.53,0.0086441,0.99862,-0.051721,-7.5613,-0.99391,0.0028969,-0.11018,77.047,0,0,0,1
-0.11397,0.051943,0.99213,108.77,0.0082627,0.99865,-0.051335,-7.6413,-0.99345,0.0023469,-0.11425,76.904,0,0,0,1
-0.11959,0.056737,0.9912,110,0.0025411,0.99838,-0.056841,-7.723,-0.99282,-0.0042791,-0.11954,76.764,0,0,0,1
-0.12676,0.062106,0.98999,111.24,0.0037168,0.99806,-0.062136,-7.808,-0.99193,-0.0041967,-0.12674,76.608,0,0,0,1
-0.13576,0.059236,0.98897,112.46,0.0060281,0.99824,-0.058964,-7.8968,-0.99072,-0.0020435,-0.13588,76.437,0,0,0,1
-0.14682,0.053839,0.9877,113.69,0.005285,0.99855,-0.053644,-7.983,-0.98915,-0.0026562,-0.14689,76.253,0,0,0,1
-0.15946,0.055699,0.98563,114.91,0.007842,0.99845,-0.055155,-8.0618,-0.98717,-0.0010656,-0.15965,76.049,0,0,0,1
-0.17375,0.056344,0.98318,116.13,0.0094535,0.99841,-0.055547,-8.141,-0.98474,-0.00035678,-0.17401,75.821,0,0,0,1
-0.18843,0.054056,0.9806,117.34,0.0095236,0.99854,-0.053215,-8.2236,-0.98204,-0.00068837,-0.18867,75.581,0,0,0,1
-0.20366,0.0559,0.97745,118.54,0.014587,0.99843,-0.054061,-8.3063,-0.97893,0.0032482,-0.20415,75.317,0,0,0,1
-0.21906,0.059324,0.97391,119.73,0.014608,0.99824,-0.05752,-8.3889,-0.9756,0.0016265,-0.21954,75.043,0,0,0,1
-0.23439,0.0639,0.97004,120.9,0.014935,0.99796,-0.06213,-8.4748,-0.97203,-7.4988e-05,-0.23486,74.751,0,0,0,1
-0.25067,0.062085,0.96608,122.08,0.011368,0.99806,-0.061191,-8.5613,-0.96801,-0.004356,-0.25089,74.447,0,0,0,1
-0.26703,0.05551,0.96209,123.26,0.0053989,0.99841,-0.056107,-8.6449,-0.96367,-0.0097878,-0.2669,74.127,0,0,0,1
-0.28301,0.051133,0.95775,124.44,0.0010877,0.99859,-0.052992,-8.7231,-0.95912,-0.013955,-0.28266,73.786,0,0,0,1
-0.29845,0.052377,0.95299,125.6,-0.0006647,0.99848,-0.055085,-8.7991,-0.95442,-0.017074,-0.29797,73.427,0,0,0,1
-0.31312,0.054502,0.94815,126.75,-0.00083396,0.99834,-0.057662,-8.8748,-0.94971,-0.018846,-0.31256,73.048,0,0,0,1
-0.32711,0.056237,0.94331,127.88,0.00051946,0.99824,-0.059332,-8.9545,-0.94499,-0.018918,-0.32656,72.652,0,0,0,1
-0.34135,0.056617,0.93823,129.01,0.0025145,0.99824,-0.059323,-9.0358,-0.93993,-0.017891,-0.34089,72.236,0,0,0,1
-0.35555,0.054357,0.93307,130.14,0.0020255,0.99835,-0.057387,-9.1184,-0.93465,-0.018514,-0.35508,71.807,0,0,0,1
-0.3701,0.05298,0.92748,131.25,0.0017382,0.99841,-0.056339,-9.1991,-0.92899,-0.019239,-0.36961,71.362,0,0,0,1
-0.38504,0.053793,0.92133,132.35,0.00014049,0.9983,-0.058228,-9.2791,-0.9229,-0.022291,-0.38439,70.904,0,0,0,1
-0.39984,0.056651,0.91483,133.44,0.0012546,0.99812,-0.061261,-9.3591,-0.91658,-0.023347,-0.39916,70.428,0,0,0,1
-0.41476,0.057825,0.90809,134.53,0.0019579,0.99803,-0.062658,-9.4418,-0.90993,-0.024211,-0.41406,69.931,0,0,0,1
-0.42915,0.06063,0.9012,135.6,0.0045368,0.99788,-0.064974,-9.5274,-0.90322,-0.023795,-0.42851,69.415,0,0,0,1
-0.44407,0.063692,0.89372,136.68,0.0046052,0.99762,-0.068808,-9.6149,-0.89598,-0.02644,-0.44331,68.88,0,0,0,1
-0.45919,0.066477,0.88585,137.74,0.0052414,0.99738,-0.07213,-9.7046,-0.88832,-0.028478,-0.45833,68.328,0,0,0,1
-0.47455,0.063775,0.87792,138.81,0.0040794,0.99752,-0.070259,-9.7955,-0.88022,-0.02976,-0.47363,67.754,0,0,0,1
-0.4907,0.059587,0.86929,139.87,0.00097023,0.9977,-0.067842,-9.8889,-0.87133,-0.032446,-0.48963,67.162,0,0,0,1
-0.50681,0.059106,0.86003,140.93,0.00032017,0.99766,-0.068375,-9.9788,-0.86206,-0.034378,-0.50564,66.547,0,0,0,1
-0.52279,0.058621,0.85044,141.97,-0.00096329,0.99759,-0.069357,-10.067,-0.85246,-0.037079,-0.52148,65.912,0,0,0,1
-0.53866,0.057485,0.84056,143,-0.0017625,0.99759,-0.069354,-10.16,-0.84252,-0.038839,-0.53726,65.254,0,0,0,1
-0.5544,0.05666,0.83032,144.03,-0.0032899,0.99752,-0.070266,-10.254,-0.83225,-0.041687,-0.55284,64.575,0,0,0,1
-0.5699,0.056337,0.81978,145.04,-0.0037676,0.99746,-0.071166,-10.349,-0.8217,-0.043646,-0.56824,63.875,0,0,0,1
-0.58521,0.053806,0.8091,146.05,-0.0043332,0.99757,-0.069474,-10.444,-0.81087,-0.044162,-0.58355,63.152,0,0,0,1
-0.60035,0.049848,0.79818,147.05,-0.004692,0.99782,-0.065844,-10.537,-0.79972,-0.043275,-0.59881,62.406,0,0,0,1
-0.61518,0.047988,0.78693,148.04,-0.0038612,0.99795,-0.063876,-10.627,-0.78838,-0.042333,-0.61373,61.641,0,0,0,1
-0.63005,0.046778,0.77515,149.01,-0.0044305,0.99795,-0.063825,-10.717,-0.77654,-0.043647,-0.62855,60.853,0,0,0,1
-0.64485,0.047658,0.76282,149.97,-0.0059324,0.99771,-0.067348,-10.809,-0.76428,-0.047955,-0.64309,60.049,0,0,0,1
-0.66016,0.048073,0.74959,150.92,-0.0079591,0.99745,-0.070978,-10.901,-0.75109,-0.052823,-0.65809,59.226,0,0,0,1
-0.67598,0.043892,0.73561,151.86,-0.010267,0.99757,-0.068956,-10.995,-0.73685,-0.054165,-0.67388,58.378,0,0,0,1
-0.69202,0.036665,0.72095,152.78,-0.013873,0.99785,-0.064064,-11.09,-0.72175,-0.054335,-0.69002,57.504,0,0,0,1
-0.70879,0.033546,0.70463,153.69,-0.015545,0.99788,-0.063145,-11.182,-0.70525,-0.05571,-0.70676,56.608,0,0,0,1
-0.72617,0.031741,0.68678,154.57,-0.017017,0.9978,-0.064108,-11.27,-0.68731,-0.05824,-0.72403,55.689,0,0,0,1
-0.7436,0.027262,0.66807,155.44,-0.020667,0.99775,-0.06372,-11.36,-0.6683,-0.06119,-0.74137,54.747,0,0,0,1
-0.76033,0.025347,0.64905,156.3,-0.020951,0.99776,-0.063508,-11.449,-0.6492,-0.061885,-0.75809,53.772,0,0,0,1
-0.77639,0.026962,0.62967,157.14,-0.01901,0.99763,-0.066157,-11.535,-0.62996,-0.063334,-0.77404,52.775,0,0,0,1
-0.79163,0.027827,0.61036,157.95,-0.015402,0.99774,-0.065464,-11.624,-0.6108,-0.061224,-0.78941,51.753,0,0,0,1
-0.80619,0.028025,0.59099,158.76,-0.011783,0.99792,-0.063394,-11.722,-0.59153,-0.058072,-0.80419,50.726,0,0,0,1
-0.82056,0.029349,0.57081,159.54,-0.010204,0.99777,-0.065971,-11.82,-0.57147,-0.059957,-0.81843,49.687,0,0,0,1
-0.83437,0.030733,0.55034,160.28,-0.0096669,0.99747,-0.070359,-11.919,-0.55112,-0.064026,-0.83197,48.635,0,0,0,1
-0.84736,0.031389,0.53009,161,-0.007512,0.99744,-0.071072,-12.021,-0.53097,-0.064206,-0.84496,47.561,0,0,0,1
-0.85915,0.029473,0.51087,161.69,-0.0058675,0.99771,-0.067428,-12.122,-0.51169,-0.060928,-0.85701,46.466,0,0,0,1
-0.86966,0.030336,0.49272,162.35,-0.0044789,0.99758,-0.069325,-12.23,-0.49363,-0.062496,-0.86742,45.353,0,0,0,1
-0.87912,0.034442,0.47535,162.97,-0.00043033,0.99733,-0.073058,-12.331,-0.4766,-0.064432,-0.87676,44.229,0,0,0,1
-0.8881,0.032516,0.4585,163.59,-0.001746,0.99725,-0.074105,-12.441,-0.45965,-0.066613,-0.8856,43.096,0,0,0,1
-0.89635,0.029452,0.44237,164.18,-0.0038866,0.99723,-0.074269,-12.553,-0.44333,-0.06829,-0.89375,41.947,0,0,0,1
-0.90368,0.027149,0.42734,164.75,-0.0047508,0.99729,-0.073404,-12.662,-0.42817,-0.068365,-0.90111,40.789,0,0,0,1
-0.91025,0.026007,0.41325,165.3,-0.004902,0.99728,-0.073558,-12.771,-0.41404,-0.068982,-0.90764,39.622,0,0,0,1
-0.9164,0.02343,0.39957,165.83,-0.0062823,0.99732,-0.07289,-12.879,-0.40021,-0.069307,-0.9138,38.448,0,0,0,1
-0.92208,0.018532,0.38656,166.35,-0.0089209,0.99757,-0.069104,-12.985,-0.3869,-0.067167,-0.91967,37.262,0,0,0,1
-0.9272,0.014381,0.37428,166.85,-0.0108,0.99782,-0.065093,-13.087,-0.3744,-0.064397,-0.92503,36.066,0,0,0,1
-0.93153,0.015067,0.36335,167.34,-0.0083495,0.99799,-0.06279,-13.185,-0.36357,-0.061524,-0.92953,34.862,0,0,0,1
-0.93479,0.018862,0.35471,167.8,-0.0040316,0.99796,-0.063692,-13.28,-0.35519,-0.060968,-0.9328,33.658,0,0,0,1
-0.93703,0.024576,0.34838,168.25,0.0017146,0.99783,-0.065778,-13.374,-0.34924,-0.061039,-0.93504,32.45,0,0,0,1
-0.93877,0.028874,0.34333,168.69,0.0057206,0.99765,-0.068261,-13.472,-0.34449,-0.062118,-0.93673,31.243,0,0,0,1
-0.94063,0.026494,0.33841,169.14,0.0037396,0.9977,-0.067714,-13.572,-0.33942,-0.062428,-0.93856,30.028,0,0,0,1
-0.94252,0.018988,0.3336,169.58,-0.0023828,0.99798,-0.063537,-13.672,-0.33413,-0.06068,-0.94057,28.813,0,0,0,1
-0.94436,0.012753,0.32867,169.97,-0.0076614,0.99812,-0.060742,-13.771,-0.32882,-0.059881,-0.94249,27.582,0,0,0,1
-0.94603,0.0066449,0.324,170.36,-0.014577,0.99791,-0.06303,-13.868,-0.32374,-0.064352,-0.94395,26.355,0,0,0,1
-0.94731,0.0042361,0.32028,170.75,-0.017617,0.99771,-0.065303,-13.964,-0.31982,-0.067505,-0.94507,25.131,0,0,0,1
-0.94814,0.0046408,0.31782,171.13,-0.017924,0.99752,-0.068036,-14.065,-0.31735,-0.070204,-0.94571,23.9,0,0,0,1
-0.94846,0.0047321,0.31688,171.51,-0.018286,0.99741,-0.069628,-14.167,-0.31638,-0.071834,-0.94591,22.673,0,0,0,1
-0.94837,0.0077818,0.31706,171.89,-0.015552,0.99736,-0.070996,-14.273,-0.31678,-0.072262,-0.94574,21.443,0,0,0,1
-0.94802,0.0097241,0.31806,172.26,-0.014346,0.99721,-0.073246,-14.383,-0.31789,-0.074001,-0.94524,20.221,0,0,0,1
-0.94764,0.0098228,0.31918,172.62,-0.014917,0.99707,-0.074972,-14.491,-0.31898,-0.075808,-0.94472,19.01,0,0,0,1
-0.94709,0.011,0.32077,172.99,-0.01363,0.99713,-0.074441,-14.598,-0.32067,-0.074874,-0.94423,17.799,0,0,0,1
-0.94625,0.011578,0.32324,173.38,-0.013201,0.99714,-0.074361,-14.707,-0.32318,-0.074631,-0.94339,16.599,0,0,0,1
-0.94497,0.010477,0.32698,173.78,-0.014873,0.99708,-0.07493,-14.819,-0.32681,-0.07567,-0.94206,15.401,0,0,0,1
-0.94341,0.0091394,0.3315,174.2,-0.015808,0.99724,-0.07248,-14.93,-0.33125,-0.073619,-0.94067,14.203,0,0,0,1
-0.94138,0.0065482,0.3373,174.63,-0.017754,0.99746,-0.068914,-15.036,-0.33689,-0.070862,-0.93887,13.004,0,0,0,1
-0.93893,0.0048988,0.34406,175.06,-0.01927,0.99758,-0.06679,-15.138,-0.34356,-0.069342,-0.93657,11.812,0,0,0,1
-0.93618,0.0068384,0.35144,175.49,-0.017291,0.9977,-0.065474,-15.239,-0.35108,-0.067373,-0.93392,10.624,0,0,0,1
-0.9329,0.0076333,0.36005,175.94,-0.017487,0.99764,-0.066459,-15.34,-0.35971,-0.068296,-0.93056,9.4422,0,0,0,1
-0.9292,0.0095901,0.36944,176.4,-0.016369,0.99761,-0.067066,-15.443,-0.3692,-0.068365,-0.92683,8.2701,0,0,0,1
-0.92498,0.012437,0.37982,176.87,-0.014333,0.99761,-0.067572,-15.544,-0.37975,-0.067947,-0.92259,7.0904,0,0,0,1
-0.92009,0.014067,0.39146,177.36,-0.013785,0.99757,-0.068249,-15.649,-0.39147,-0.068191,-0.91766,5.9171,0,0,0,1
-0.9144,0.016566,0.40447,177.86,-0.012838,0.99747,-0.069877,-15.749,-0.4046,-0.069089,-0.91188,4.7515,0,0,0,1
-0.90829,0.018514,0.41792,178.38,-0.011493,0.99754,-0.069168,-15.856,-0.41818,-0.067628,-0.90585,3.5876,0,0,0,1
-0.90205,0.018084,0.43125,178.93,-0.011989,0.99769,-0.066914,-15.96,-0.43146,-0.06553,-0.89975,2.435,0,0,0,1
-0.89543,0.020257,0.44473,179.5,-0.010427,0.99774,-0.06644,-16.057,-0.44507,-0.06413,-0.8932,1.2863,0,0,0,1
-0.88855,0.023043,0.4582,180.08,-0.0081843,0.99778,-0.066049,-16.154,-0.45871,-0.062438,-0.88639,0.15184,0,0,0,1
-0.88118,0.024668,0.47213,180.68,-0.0061122,0.99796,-0.063549,-16.251,-0.47274,-0.058884,-0.87923,-0.97188,0,0,0,1
-0.87345,0.026342,0.4862,181.29,-0.0034744,0.99817,-0.060323,-16.347,-0.4869,-0.054378,-0.87177,-2.0835,0,0,0,1
-0.86527,0.02933,0.50045,181.91,4.6769e-05,0.99829,-0.058426,-16.441,-0.50131,-0.050531,-0.86379,-3.1757,0,0,0,1
-0.85611,0.032559,0.51576,182.55,0.0035619,0.99836,-0.057113,-16.537,-0.51678,-0.047058,-0.85482,-4.2525,0,0,0,1
-0.84578,0.035473,0.53235,183.21,0.0066943,0.99841,-0.055894,-16.629,-0.53349,-0.04371,-0.84468,-5.3127,0,0,0,1
-0.83478,0.038539,0.54924,183.88,0.010024,0.99845,-0.054823,-16.713,-0.55049,-0.04026,-0.83387,-6.3565,0,0,0,1
-0.8235,0.040434,0.56587,184.56,0.011854,0.99847,-0.054094,-16.789,-0.56719,-0.037838,-0.82272,-7.3847,0,0,0,1
-0.81167,0.042548,0.58256,185.27,0.013577,0.99845,-0.054007,-16.86,-0.58395,-0.035927,-0.81099,-8.397,0,0,0,1
-0.79894,0.044537,0.59976,186,0.015392,0.99844,-0.053639,-16.938,-0.60121,-0.033623,-0.79838,-9.3909,0,0,0,1
-0.78514,0.045632,0.61764,186.75,0.017262,0.99851,-0.051827,-17.017,-0.61908,-0.03003,-0.78475,-10.369,0,0,0,1
-0.76986,0.046791,0.6365,187.52,0.01955,0.99857,-0.049762,-17.094,-0.63791,-0.025867,-0.76967,-11.322,0,0,0,1
-0.75316,0.049649,0.65596,188.32,0.021594,0.99848,-0.050779,-17.175,-0.65749,-0.02408,-0.75308,-12.245,0,0,0,1
-0.73579,0.052576,0.67517,189.12,0.0228,0.99834,-0.052894,-17.258,-0.67683,-0.023525,-0.73576,-13.136,0,0,0,1
-0.71792,0.053351,0.69408,189.94,0.022519,0.99832,-0.053444,-17.344,-0.69576,-0.022738,-0.71791,-14.003,0,0,0,1
-0.6988,0.053345,0.71332,190.79,0.022431,0.99836,-0.052687,-17.43,-0.71496,-0.020818,-0.69885,-14.844,0,0,0,1
-0.67883,0.052708,0.7324,191.67,0.020884,0.9984,-0.052494,-17.515,-0.734,-0.020339,-0.67885,-15.657,0,0,0,1
-0.65835,0.052836,0.75086,192.56,0.019149,0.99839,-0.053464,-17.605,-0.75247,-0.020819,-0.6583,-16.437,0,0,0,1
-0.63756,0.052406,0.76862,193.46,0.016876,0.99839,-0.054074,-17.688,-0.77022,-0.021504,-0.63742,-17.197,0,0,0,1
-0.6162,0.052187,0.78586,194.39,0.015872,0.99842,-0.053857,-17.761,-0.78743,-0.020713,-0.61605,-17.931,0,0,0,1
-0.59362,0.0519,0.80307,195.32,0.016176,0.99849,-0.052572,-17.833,-0.80458,-0.018218,-0.59356,-18.644,0,0,0,1
-0.56944,0.052133,0.82038,196.26,0.016031,0.9985,-0.052325,-17.903,-0.82188,-0.016645,-0.56942,-19.329,0,0,0,1
-0.544,0.05521,0.83726,197.23,0.018098,0.99837,-0.054075,-17.976,-0.83889,-0.014264,-0.54412,-19.981,0,0,0,1
-0.51713,0.05633,0.85405,198.21,0.018602,0.99834,-0.054582,-18.049,-0.8557,-0.012339,-0.51732,-20.606,0,0,0,1
-0.48993,0.054882,0.87004,199.23,0.017162,0.99843,-0.053317,-18.122,-0.8716,-0.01119,-0.4901,-21.19,0,0,0,1
-0.46184,0.052663,0.8854,200.27,0.016145,0.99857,-0.050973,-18.194,-0.88682,-0.0092466,-0.46203,-21.743,0,0,0,1
-0.43225,0.053324,0.90018,201.31,0.016633,0.99855,-0.051165,-18.27,-0.9016,-0.007143,-0.43251,-22.263,0,0,0,1
-0.40118,0.055806,0.9143,202.37,0.017256,0.99843,-0.053369,-18.34,-0.91584,-0.0056338,-0.40151,-22.75,0,0,0,1
-0.36913,0.057481,0.9276,203.45,0.018971,0.99834,-0.054316,-18.404,-0.92918,-0.0024524,-0.36961,-23.203,0,0,0,1
-0.33694,0.058175,0.93973,204.53,0.020996,0.99831,-0.054273,-18.473,-0.94129,0.0014436,-0.33759,-23.619,0,0,0,1
-0.30412,0.057462,0.9509,205.64,0.020995,0.99834,-0.053615,-18.548,-0.9524,0.0036593,-0.30482,-23.991,0,0,0,1
-0.2704,0.056568,0.96108,206.76,0.02278,0.99837,-0.052354,-18.624,-0.96248,0.0077372,-0.27125,-24.325,0,0,0,1
-0.23619,0.054236,0.97019,207.9,0.022539,0.99848,-0.050331,-18.704,-0.97144,0.009979,-0.23706,-24.614,0,0,0,1
-0.20112,0.052871,0.97814,209.05,0.023513,0.99852,-0.049138,-18.784,-0.97928,0.013116,-0.20207,-24.862,0,0,0,1
-0.16578,0.052063,0.98479,210.18,0.024454,0.99852,-0.048672,-18.864,-0.98586,0.016014,-0.1668,-25.068,0,0,0,1
-0.13002,0.051771,0.99016,211.34,0.024938,0.99849,-0.048932,-18.942,-0.9912,0.01833,-0.13112,-25.229,0,0,0,1
-0.094169,0.051458,0.99423,212.49,0.025701,0.99846,-0.049243,-19.02,-0.99522,0.020915,-0.095346,-25.35,0,0,0,1
-0.058737,0.051634,0.99694,213.63,0.024612,0.99843,-0.050262,-19.101,-0.99797,0.021585,-0.059916,-25.424,0,0,0,1
-0.024079,0.051441,0.99839,214.8,0.023957,0.99842,-0.050865,-19.175,-0.99942,0.022693,-0.025274,-25.461,0,0,0,1
0.0095772,0.050254,0.99869,215.96,0.022925,0.99846,-0.050462,-19.247,-0.99969,0.023378,0.0084104,-25.455,0,0,0,1
0.042759,0.050339,0.99782,217.12,0.021529,0.99845,-0.051294,-19.325,-0.99885,0.023675,0.041609,-25.407,0,0,0,1
0.075859,0.050334,0.99585,218.27,0.022322,0.99839,-0.052163,-19.407,-0.99687,0.026186,0.074613,-25.319,0,0,0,1
0.10812,0.048255,0.99297,219.42,0.023357,0.99842,-0.051064,-19.484,-0.99386,0.028714,0.10683,-25.2,0,0,0,1
0.13951,0.046597,0.98912,220.57,0.02455,0.99842,-0.050498,-19.565,-0.98992,0.031328,0.13815,-25.04,0,0,0,1
0.16991,0.046542,0.98436,221.72,0.025725,0.99833,-0.051643,-19.642,-0.98512,0.034097,0.16843,-24.847,0,0,0,1
0.19993,0.046326,0.97872,222.87,0.027598,0.99822,-0.052886,-19.716,-0.97942,0.037584,0.19829,-24.624,0,0,0,1
0.22999,0.045348,0.97213,224.02,0.029683,0.99812,-0.053583,-19.791,-0.97274,0.04118,0.22822,-24.364,0,0,0,1
0.26029,0.043641,0.96454,225.16,0.032229,0.99803,-0.053853,-19.867,-0.96499,0.045104,0.25837,-24.069,0,0,0,1
0.29027,0.041985,0.95602,226.3,0.034007,0.99795,-0.054152,-19.944,-0.95634,0.04823,0.28825,-23.737,0,0,0,1
0.31995,0.040929,0.94655,227.43,0.03704,0.99776,-0.055663,-20.021,-0.94671,0.05287,0.31772,-23.373,0,0,0,1
0.34859,0.040316,0.93641,228.54,0.037497,0.99767,-0.056913,-20.099,-0.93653,0.054952,0.34627,-22.97,0,0,0,1
0.37672,0.038306,0.92553,229.65,0.038163,0.99765,-0.056824,-20.178,-0.92554,0.056728,0.37438,-22.533,0,0,0,1
0.40475,0.03727,0.91367,230.75,0.038192,0.99761,-0.057612,-20.259,-0.91363,0.058213,0.40236,-22.059,0,0,0,1
0.43307,0.03809,0.90055,231.82,0.039219,0.99736,-0.061044,-20.343,-0.90051,0.061755,0.43044,-21.555,0,0,0,1
0.46123,0.038771,0.88643,232.89,0.040536,0.99708,-0.064702,-20.429,-0.88635,0.065775,0.45831,-21.016,0,0,0,1
0.48856,0.037715,0.87171,233.93,0.041455,0.99693,-0.066366,-20.523,-0.87154,0.068561,0.4855,-20.444,0,0,0,1
0.5151,0.034537,0.85643,234.98,0.042244,0.99695,-0.065612,-20.605,-0.85609,0.069976,0.51207,-19.836,0,0,0,1
0.54022,0.032369,0.8409,236.01,0.041565,0.99701,-0.065081,-20.686,-0.8405,0.07011,0.53726,-19.194,0,0,0,1
0.56333,0.03211,0.82561,237.02,0.039719,0.99704,-0.065878,-20.768,-0.82528,0.069904,0.56039,-18.527,0,0,0,1
0.58433,0.03216,0.81088,238.02,0.038408,0.997,-0.067219,-20.86,-0.8106,0.070423,0.58134,-17.828,0,0,0,1
0.6038,0.030828,0.79654,239,0.037396,0.99706,-0.066935,-20.954,-0.79626,0.070203,0.60087,-17.103,0,0,0,1
0.62208,0.028215,0.78245,239.96,0.036916,0.99718,-0.065308,-21.047,-0.78208,0.069512,0.61928,-16.356,0,0,0,1
0.63916,0.024901,0.76867,240.91,0.037806,0.99725,-0.063742,-21.138,-0.76814,0.069802,0.63646,-15.585,0,0,0,1
0.65521,0.022521,0.75511,241.85,0.038407,0.99727,-0.063071,-21.227,-0.75447,0.070326,0.65256,-14.791,0,0,0,1
0.67055,0.020116,0.74159,242.78,0.040029,0.9972,-0.063243,-21.306,-0.74078,0.072093,0.66786,-13.985,0,0,0,1
0.68555,0.019658,0.72776,243.7,0.039738,0.99713,-0.064368,-21.392,-0.72694,0.073047,0.68281,-13.159,0,0,0,1
0.70055,0.018205,0.71338,244.58,0.04016,0.99708,-0.064883,-21.484,-0.71248,0.074102,0.69777,-12.301,0,0,0,1
0.71532,0.016063,0.69861,245.46,0.03946,0.99721,-0.063332,-21.582,-0.69768,0.07287,0.71269,-11.414,0,0,0,1
0.72944,0.012716,0.68393,246.32,0.039699,0.99736,-0.060883,-21.665,-0.6829,0.071561,0.727,-10.519,0,0,0,1
0.74339,0.011079,0.66877,247.17,0.039515,0.99739,-0.060448,-21.747,-0.66769,0.071362,0.74101,-9.6052,0,0,0,1
0.75686,0.010011,0.6535,248,0.041092,0.99718,-0.062867,-21.83,-0.65228,0.074435,0.75431,-8.6744,0,0,0,1
0.76939,0.0096917,0.63871,248.81,0.041264,0.99704,-0.064836,-21.919,-0.63745,0.07624,0.76671,-7.7231,0,0,0,1
0.78098,0.0086691,0.6245,249.61,0.040511,0.99709,-0.064503,-22.009,-0.62325,0.075674,0.77836,-6.7494,0,0,0,1
0.79192,0.0062689,0.61059,250.39,0.040621,0.99719,-0.062923,-22.101,-0.60927,0.074633,0.78944,-5.7593,0,0,0,1
0.80253,0.0030504,0.5966,251.16,0.042085,0.99721,-0.061711,-22.192,-0.59512,0.074633,0.80016,-4.7508,0,0,0,1
0.81245,0.0023524,0.58303,251.91,0.04227,0.99712,-0.062925,-22.283,-0.5815,0.075768,0.81001,-3.7273,0,0,0,1
0.82156,-7.9526e-05,0.57012,252.66,0.045345,0.99684,-0.065206,-22.374,-0.56831,0.079423,0.81897,-2.6867,0,0,0,1
0.83009,-0.0025214,0.55762,253.38,0.046912,0.99676,-0.065328,-22.465,-0.55565,0.080388,0.82752,-1.6298,0,0,0,1
0.83789,-0.0061695,0.54581,254.1,0.048949,0.99676,-0.063877,-22.558,-0.54364,0.080239,0.83547,-0.55691,0,0,0,1
0.84482,-0.0071974,0.53501,254.81,0.0499,0.99661,-0.065388,-22.651,-0.53272,0.081937,0.84231,0.53402,0,0,0,1
0.85044,-0.0089971,0.52599,255.5,0.050766,0.99659,-0.065034,-22.744,-0.52361,0.08201,0.848,1.6287,0,0,0,1
0.85443,-0.0097823,0.51947,256.18,0.050068,0.99672,-0.063583,-22.839,-0.51714,0.080336,0.85212,2.7427,0,0,0,1
0.85738,-0.011357,0.51455,256.86,0.050499,0.99679,-0.062144,-22.932,-0.51219,0.079265,0.8552,3.8624,0,0,0,1
0.86002,-0.012117,0.51012,257.54,0.05048,0.99683,-0.061425,-23.026,-0.50776,0.078578,0.85791,4.9893,0,0,0,1
0.8625,-0.01352,0.50588,258.21,0.051806,0.99675,-0.061688,-23.116,-0.5034,0.079413,0.86039,6.1228,0,0,0,1
0.86468,-0.015579,0.50208,258.88,0.052555,0.99684,-0.059579,-23.207,-0.49956,0.077903,0.86277,7.2633,0,0,0,1
0.8668,-0.017762,0.49834,259.55,0.05415,0.99681,-0.058659,-23.298,-0.49571,0.077831,0.86499,8.4109,0,0,0,1
0.86908,-0.019138,0.49431,260.22,0.055584,0.9967,-0.059138,-23.388,-0.49155,0.078871,0.86727,9.5613,0,0,0,1
0.87122,-0.020145,0.49048,260.88,0.05634,0.99666,-0.059137,-23.478,-0.48765,0.079155,0.86944,10.718,0,0,0,1
0.87334,-0.019818,0.48671,261.53,0.055324,0.99674,-0.058687,-23.57,-0.48396,0.07818,0.87159,11.883,0,0,0,1
0.87545,-0.020437,0.48288,262.18,0.055563,0.99674,-0.058549,-23.661,-0.4801,0.078087,0.87373,13.051,0,0,0,1
0.87735,-0.020266,0.47942,262.83,0.055013,0.99677,-0.05854,-23.753,-0.47668,0.077734,0.87563,14.223,0,0,0,1
0.87869,-0.018983,0.47701,263.47,0.05328,0.99687,-0.058476,-23.845,-0.4744,0.076797,0.87695,15.395,0,0,0,1
0.87955,-0.017132,0.47549,264.11,0.050811,0.99702,-0.058066,-23.937,-0.47308,0.075232,0.8778,16.572,0,0,0,1
0.88005,-0.0168,0.47458,264.74,0.050247,0.99706,-0.057883,-24.029,-0.47221,0.074787,0.87831,17.746,0,0,0,1
0.88065,-0.015136,0.47353,265.37,0.048893,0.99706,-0.059058,-24.122,-0.47124,0.075162,0.87879,18.917,0,0,0,1
0.88128,-0.013241,0.47241,266.01,0.047534,0.99702,-0.060731,-24.217,-0.4702,0.075977,0.87929,20.094,0,0,0,1
0.88167,-0.011759,0.47173,266.64,0.046739,0.99695,-0.062505,-24.311,-0.46956,0.077156,0.87953,21.266,0,0,0,1
0.88165,-0.010025,0.4718,267.27,0.044699,0.99705,-0.062341,-24.408,-0.46979,0.076052,0.8795,22.441,0,0,0,1
0.88185,-0.0094335,0.47144,267.89,0.043554,0.99716,-0.061515,-24.506,-0.46952,0.07478,0.87975,23.613,0,0,0,1
0.882,-0.011126,0.47112,268.53,0.044817,0.99717,-0.060353,-24.603,-0.46912,0.074346,0.88,24.786,0,0,0,1
0.88211,-0.014264,0.47083,269.16,0.047483,0.99714,-0.058752,-24.697,-0.46865,0.074182,0.88027,25.959,0,0,0,1
0.8822,-0.016361,0.47058,269.77,0.049295,0.99711,-0.057747,-24.792,-0.46828,0.074142,0.88046,27.146,0,0,0,1
0.88241,-0.017335,0.47017,270.38,0.051182,0.99693,-0.059302,-24.889,-0.46769,0.076393,0.88058,28.334,0,0,0,1
0.88263,-0.017696,0.46973,270.98,0.052754,0.99671,-0.061576,-24.982,-0.46709,0.079129,0.88066,29.526,0,0,0,1
0.88276,-0.017751,0.46948,271.6,0.052967,0.99668,-0.06191,-25.068,-0.46682,0.079519,0.88077,30.721,0,0,0,1
0.88282,-0.017958,0.46937,272.22,0.052177,0.99683,-0.06,-25.155,-0.46681,0.07746,0.88096,31.918,0,0,0,1
0.88288,-0.018679,0.46923,272.84,0.052021,0.99695,-0.058195,-25.241,-0.46671,0.075789,0.88116,33.12,0,0,0,1
0.88287,-0.018992,0.46923,273.48,0.051737,0.99703,-0.05699,-25.325,-0.46675,0.074591,0.88124,34.317,0,0,0,1
