1,-9.0437e-12,-2.3268e-11,9.0437e-12,1,-2.3924e-10,2.3268e-11,2.3924e-10,1
0.99905,-0.0016498,0.043552,0.0017604,1,-0.0025022,-0.043548,0.0025765,0.99905
0.99605,-0.0053679,0.088638,0.0060102,0.99996,-0.0069807,-0.088597,0.0074859,0.99604
0.99093,-0.0058869,0.13427,0.0074482,0.99991,-0.011129,-0.13419,0.012028,0.99088
0.98362,-0.0035651,0.18021,0.0061729,0.99988,-0.013912,-0.18014,0.014797,0.98353
0.97405,-0.0061736,0.22626,0.0094868,0.99986,-0.013559,-0.22614,0.015354,0.97397
0.96242,-0.0073686,0.27146,0.01164,0.99983,-0.014128,-0.27131,0.016757,0.96235
0.94884,-0.0096935,0.31562,0.015876,0.99973,-0.017024,-0.31537,0.021164,0.94873
0.93362,-0.012639,0.35804,0.020805,0.9996,-0.018964,-0.35766,0.025154,0.93351
0.91619,-0.012284,0.40055,0.021776,0.99958,-0.019156,-0.40014,0.026273,0.91608
0.89656,-0.013078,0.44274,0.023418,0.99957,-0.017897,-0.44231,0.026413,0.89647
0.87451,-0.013514,0.48482,0.024478,0.99957,-0.01629,-0.48439,0.026112,0.87446
0.85037,-0.013482,0.52601,0.025177,0.99957,-0.015083,-0.52558,0.02607,0.85034
0.82454,-0.014011,0.56563,0.026964,0.99953,-0.014548,-0.56516,0.027247,0.82453
0.79703,-0.016193,0.60372,0.031261,0.99941,-0.014464,-0.60313,0.030401,0.79706
0.76815,-0.015104,0.64009,0.031868,0.99938,-0.014661,-0.63948,0.03166,0.76816
0.73742,-0.018317,0.67518,0.037186,0.99922,-0.013506,-0.67441,0.035067,0.73753
0.70517,-0.018113,0.70881,0.038299,0.99919,-0.012569,-0.70801,0.03601,0.70529
0.67068,-0.016822,0.74156,0.038484,0.99919,-0.01214,-0.74075,0.03668,0.67078
0.63506,-0.017843,0.77225,0.043586,0.99897,-0.012761,-0.77123,0.041763,0.63519
0.59839,-0.016316,0.80104,0.044356,0.99893,-0.012788,-0.79998,0.043183,0.59848
0.56064,-0.015604,0.82791,0.047224,0.9988,-0.013154,-0.82671,0.046472,0.5607
0.52173,-0.014155,0.85299,0.052991,0.99847,-0.015843,-0.85146,0.053466,0.52168
0.4824,-0.013143,0.87585,0.054663,0.99839,-0.015125,-0.87424,0.055174,0.48234
0.44375,-0.014835,0.89603,0.059629,0.99814,-0.013005,-0.89416,0.0592,0.44381
0.40633,-0.015673,0.91359,0.063332,0.99793,-0.011047,-0.91153,0.062348,0.40648
0.3706,-0.013365,0.9287,0.065499,0.99778,-0.011778,-0.92648,0.065194,0.37065
0.33671,-0.013699,0.94151,0.066958,0.99771,-0.009429,-0.93922,0.066216,0.33686
0.30321,-0.016064,0.95279,0.068938,0.99761,-0.005119,-0.95043,0.067235,0.30359
0.27004,-0.015841,0.96272,0.069706,0.99756,-0.0031379,-0.96032,0.067954,0.27048
0.23738,-0.01301,0.97133,0.067525,0.99771,-0.0031386,-0.96907,0.066334,0.23772
0.2058,-0.010891,0.97853,0.067526,0.99771,-0.0030977,-0.97626,0.066714,0.20607
0.17488,-0.010566,0.98453,0.069301,0.99759,-0.0016029,-0.98215,0.068509,0.17519
0.14402,-0.010953,0.98951,0.070938,0.99748,0.00071631,-0.98703,0.070091,0.14443
0.11323,-0.011889,0.9935,0.069606,0.99757,0.0040048,-0.99113,0.0687,0.11378
0.083475,-0.011821,0.99644,0.070164,0.99752,0.0059562,-0.99404,0.069417,0.084097
0.055759,-0.011195,0.99838,0.072761,0.99732,0.0071195,-0.99579,0.072246,0.056424
0.030224,-0.010554,0.99949,0.076958,0.997,0.0082003,-0.99658,0.07667,0.030946
0.0072008,-0.010111,0.99992,0.081253,0.99665,0.0094927,-0.99667,0.081178,0.0079982
-0.013588,-0.0099686,0.99986,0.087197,0.99613,0.011116,-0.9961,0.087335,-0.012666
-0.03163,-0.010652,0.99944,0.091654,0.9957,0.013513,-0.99529,0.09203,-0.030517
-0.04749,-0.010302,0.99882,0.094889,0.99538,0.014778,-0.99435,0.095479,-0.046293
-0.062134,-0.010862,0.99801,0.097375,0.9951,0.016893,-0.99331,0.09823,-0.060772
-0.075609,-0.011935,0.99707,0.097516,0.99505,0.019306,-0.99236,0.09869,-0.07407
-0.088055,-0.011988,0.99604,0.09729,0.99504,0.020577,-0.99135,0.098717,-0.086453
-0.099478,-0.0091936,0.995,0.097353,0.99507,0.018927,-0.99027,0.098749,-0.098092
-0.1098,-0.0053606,0.99394,0.097981,0.99506,0.01619,-0.98911,0.099165,-0.10873
-0.11946,-0.0025121,0.99284,0.099051,0.99498,0.014435,-0.98789,0.10007,-0.11861
-0.12709,-0.0012789,0.99189,0.09889,0.995,0.013953,-0.98695,0.099861,-0.12633
-0.13299,-0.00071495,0.99112,0.098392,0.99505,0.01392,-0.98622,0.099369,-0.13226
-0.13816,0.00089386,0.99041,0.099411,0.99496,0.01297,-0.98541,0.10025,-0.13755
-0.14269,0.0028156,0.98976,0.098692,0.99505,0.011397,-0.98484,0.099308,-0.14226
-0.14683,0.0039177,0.98915,0.098973,0.99503,0.01075,-0.9842,0.099478,-0.14648
-0.14992,0.0030095,0.98869,0.098739,0.99504,0.011943,-0.98376,0.099413,-0.14947
-0.15223,0.00058177,0.98834,0.099334,0.99495,0.014714,-0.98334,0.10042,-0.15152
-0.15451,-0.00038979,0.98799,0.099374,0.99492,0.015933,-0.98298,0.10064,-0.15368
-0.15652,0.00034267,0.98768,0.10161,0.9947,0.015756,-0.98244,0.10282,-0.15572
-0.15752,0.00087415,0.98751,0.10134,0.99473,0.015284,-0.9823,0.10248,-0.15678
-0.15807,0.0017363,0.98743,0.10339,0.99453,0.014802,-0.982,0.10443,-0.15738
-0.15815,0.0022462,0.98741,0.10292,0.99459,0.014222,-0.98204,0.10387,-0.15752
-0.15762,0.0034913,0.98749,0.10297,0.9946,0.01292,-0.98212,0.10372,-0.15713
-0.15644,0.0035358,0.98768,0.10332,0.99457,0.012803,-0.98227,0.10405,-0.15595
-0.15495,0.0023032,0.98792,0.10241,0.99465,0.013743,-0.9826,0.1033,-0.15435
-0.15381,0.0030543,0.9881,0.10338,0.99456,0.013019,-0.98268,0.10416,-0.15329
-0.1526,0.0039338,0.98828,0.10331,0.99458,0.011993,-0.98287,0.10393,-0.15218
-0.15163,0.0046006,0.98843,0.10432,0.99448,0.011374,-0.98292,0.10484,-0.15127
-0.15059,0.0045307,0.98859,0.10388,0.99453,0.011266,-0.98312,0.10439,-0.15023
-0.14964,0.0028016,0.98874,0.10564,0.99432,0.01317,-0.98308,0.10642,-0.14908
-0.14895,0.0010534,0.98884,0.10692,0.99415,0.015046,-0.98305,0.10797,-0.14819
-0.14817,0.0015873,0.98896,0.10845,0.99399,0.014654,-0.983,0.10942,-0.14746
-0.14711,0.0039071,0.98911,0.11084,0.99376,0.01256,-0.98289,0.11148,-0.14662
-0.14647,0.0036036,0.98921,0.11012,0.99384,0.012683,-0.98307,0.11078,-0.14596
-0.14626,0.0032331,0.98924,0.11051,0.99379,0.013091,-0.98305,0.11124,-0.14571
-0.14604,0.0016901,0.98928,0.10983,0.99384,0.014515,-0.98316,0.11077,-0.14532
-0.14564,0.0019666,0.98934,0.11169,0.99364,0.014466,-0.98301,0.1126,-0.14493
-0.14562,0.0021525,0.98934,0.11237,0.99356,0.014378,-0.98294,0.11326,-0.14492
-0.1456,0.0031772,0.98934,0.11286,0.99352,0.013419,-0.98288,0.11361,-0.14502
-0.14594,0.003867,0.98929,0.11233,0.99359,0.012687,-0.9829,0.11298,-0.14544
-0.14706,0.0041427,0.98912,0.11121,0.99372,0.012373,-0.98286,0.11182,-0.1466
-0.14823,0.0049527,0.98894,0.11061,0.9938,0.011602,-0.98275,0.1111,-0.14786
-0.14924,0.004338,0.98879,0.10947,0.99392,0.012162,-0.98272,0.11006,-0.14881
-0.15023,0.0038357,0.98864,0.10962,0.99389,0.012801,-0.98256,0.1103,-0.14973
-0.15067,0.0028118,0.98858,0.10701,0.99417,0.013482,-0.98277,0.10782,-0.15009
-0.15207,0.003896,0.98836,0.10681,0.9942,0.012514,-0.98258,0.10747,-0.1516
-0.15469,0.0052302,0.98795,0.10571,0.99433,0.011288,-0.98229,0.10619,-0.15436
-0.15849,0.0051904,0.98735,0.10645,0.99425,0.011862,-0.9816,0.10699,-0.15814
-0.1632,0.004743,0.98658,0.10418,0.99448,0.012453,-0.98108,0.10482,-0.1628
-0.16807,0.0036132,0.98577,0.10192,0.9947,0.013732,-0.98049,0.10278,-0.16755
-0.17278,0.0048752,0.98495,0.10096,0.99481,0.012786,-0.97977,0.10165,-0.17237
-0.17745,0.0062396,0.98411,0.10147,0.99477,0.011989,-0.97888,0.10198,-0.17716
-0.18205,0.0079797,0.98326,0.10118,0.99481,0.01066,-0.97807,0.10142,-0.18192
-0.18688,0.008787,0.98234,0.10012,0.99492,0.010147,-0.97727,0.10025,-0.18681
-0.19189,0.0076331,0.98139,0.097942,0.99513,0.01141,-0.97652,0.098308,-0.1917
-0.19726,0.0074809,0.98032,0.096063,0.99531,0.011735,-0.97563,0.096488,-0.19706
-0.20289,0.0065767,0.97918,0.095082,0.99538,0.013016,-0.97457,0.095743,-0.20258
-0.2084,0.0064693,0.97802,0.095023,0.99538,0.013664,-0.97342,0.095782,-0.20806
-0.21385,0.0078585,0.97684,0.095586,0.99534,0.012918,-0.97218,0.096134,-0.2136
-0.21954,0.0088563,0.97556,0.095219,0.99538,0.012392,-0.97095,0.095613,-0.21937
-0.22546,0.0088532,0.97421,0.095669,0.99533,0.013095,-0.96954,0.096154,-0.22525
-0.23105,0.009191,0.9729,0.094726,0.99542,0.013092,-0.96832,0.095184,-0.23086
-0.23621,0.0095509,0.97166,0.094203,0.99547,0.013116,-0.96713,0.094631,-0.23604
-0.2414,0.0097192,0.97038,0.092949,0.99558,0.013152,-0.96596,0.09337,-0.24124
-0.24582,0.0098219,0.96927,0.094575,0.99542,0.013898,-0.96469,0.095085,-0.24562
-0.2497,0.0085957,0.96828,0.096259,0.99523,0.015988,-0.96353,0.097198,-0.24934
-0.25329,0.0098793,0.96734,0.097685,0.9951,0.015416,-0.96244,0.0984,-0.25302
-0.25634,0.010331,0.96653,0.097979,0.99507,0.015349,-0.96161,0.098634,-0.25609
-0.25976,0.010132,0.96562,0.097084,0.99515,0.015675,-0.96078,0.097818,-0.25949
-0.2637,0.010351,0.96455,0.095795,0.99528,0.01551,-0.95984,0.096489,-0.26345
-0.26817,0.011259,0.96331,0.094469,0.99542,0.014664,-0.95873,0.094935,-0.26801
-0.27265,0.011088,0.96205,0.093576,0.9955,0.015047,-0.95755,0.094127,-0.27246
-0.27723,0.011321,0.96074,0.093737,0.99548,0.015318,-0.95622,0.094303,-0.27704
-0.28173,0.011858,0.95942,0.093226,0.99553,0.015071,-0.95495,0.093689,-0.28158
-0.28629,0.012396,0.95806,0.092865,0.99557,0.014868,-0.95363,0.093227,-0.28617
-0.2905,0.011394,0.95681,0.092531,0.99558,0.016238,-0.95239,0.093252,-0.29027
-0.29474,0.011471,0.95551,0.093107,0.99551,0.016768,-0.95103,0.093907,-0.29448
-0.29867,0.012088,0.95428,0.094102,0.99542,0.016842,-0.94971,0.094829,-0.29844
-0.30226,0.013277,0.95313,0.094244,0.99542,0.016021,-0.94856,0.09467,-0.30212
-0.30584,0.015425,0.95196,0.094755,0.9954,0.014314,-0.94735,0.094581,-0.3059
-0.30926,0.016028,0.95084,0.095398,0.99534,0.01425,-0.94618,0.095116,-0.30934
-0.31263,0.016893,0.94973,0.095183,0.99537,0.013627,-0.9451,0.094657,-0.31279
-0.31613,0.017037,0.94856,0.09503,0.99538,0.013794,-0.94394,0.094503,-0.31629
-0.32014,0.016958,0.94722,0.095014,0.99537,0.014293,-0.94259,0.094575,-0.32027
-0.32393,0.017182,0.94593,0.096406,0.99523,0.014936,-0.94116,0.096031,-0.32404
-0.32713,0.018155,0.9448,0.098788,0.99499,0.015086,-0.9398,0.098271,-0.32729
-0.3299,0.017682,0.94385,0.099457,0.99491,0.016123,-0.93876,0.099192,-0.32998
-0.33259,0.017037,0.94292,0.099302,0.99491,0.01705,-0.93783,0.099305,-0.33259
-0.33536,0.016986,0.94194,0.098144,0.99503,0.017,-0.93696,0.098147,-0.33536
-0.33835,0.018809,0.94083,0.09724,0.99515,0.015075,-0.93598,0.096587,-0.33854
-0.34162,0.020289,0.93962,0.097082,0.99518,0.013807,-0.93481,0.095937,-0.34194
-0.34482,0.0216,0.93842,0.095459,0.99536,0.012166,-0.9338,0.093776,-0.34528
-0.34814,0.023088,0.93716,0.094274,0.99549,0.010495,-0.93269,0.092003,-0.34874
-0.3519,0.023122,0.93575,0.095041,0.99541,0.011145,-0.9312,0.092856,-0.35248
-0.3555,0.02193,0.93442,0.094156,0.99548,0.012459,-0.92992,0.09241,-0.35596
-0.35924,0.021192,0.93301,0.093845,0.9955,0.013522,-0.92852,0.092415,-0.35961
-0.36314,0.021284,0.93149,0.094103,0.99546,0.01394,-0.92697,0.092718,-0.36349
-0.3666,0.021433,0.93013,0.093121,0.99556,0.013762,-0.92571,0.091659,-0.36697
-0.37035,0.022011,0.92863,0.092123,0.99566,0.01314,-0.92431,0.090415,-0.37077
-0.3736,0.022064,0.92733,0.092077,0.99566,0.013406,-0.92301,0.090394,-0.37401
-0.3764,0.022701,0.92618,0.093086,0.99557,0.013429,-0.92177,0.091269,-0.37684
-0.37892,0.022858,0.92515,0.094336,0.99544,0.014042,-0.92061,0.092596,-0.37935
-0.38161,0.022502,0.92405,0.095267,0.99534,0.015105,-0.9194,0.093795,-0.38197
-0.3841,0.023148,0.923,0.09628,0.99524,0.015107,-0.91826,0.094669,-0.3845
-0.38661,0.024327,0.92192,0.096753,0.99521,0.014313,-0.91715,0.094732,-0.38711
-0.38937,0.024501,0.92075,0.096043,0.99528,0.014131,-0.91606,0.093934,-0.38989
-0.3921,0.025359,0.91957,0.095488,0.99534,0.013267,-0.91496,0.09301,-0.39269
-0.39497,0.02652,0.91831,0.095487,0.99535,0.012325,-0.91372,0.092555,-0.39567
-0.39743,0.026549,0.91725,0.093595,0.99554,0.011738,-0.91285,0.090515,-0.39814
-0.40034,0.02718,0.91596,0.093846,0.99552,0.011477,-0.91155,0.090554,-0.4011
-0.40291,0.026969,0.91484,0.095677,0.99533,0.012795,-0.91023,0.092684,-0.40361
-0.40545,0.026289,0.91374,0.095756,0.99531,0.013853,-0.90909,0.093112,-0.40606
-0.40864,0.025463,0.91234,0.094874,0.99538,0.014713,-0.90775,0.09257,-0.40917
-0.41168,0.025807,0.91096,0.093673,0.9955,0.014131,-0.9065,0.091151,-0.41225
-0.41508,0.025247,0.90944,0.092119,0.99564,0.014404,-0.90511,0.089755,-0.41559
-0.41852,0.024308,0.90788,0.090999,0.99573,0.01529,-0.90364,0.089016,-0.41895
-0.42208,0.02437,0.90623,0.090417,0.99579,0.015334,-0.90204,0.088411,-0.42251
-0.42573,0.023895,0.90454,0.089574,0.99585,0.015851,-0.90041,0.087771,-0.4261
-0.42959,0.024638,0.90269,0.089103,0.99591,0.015222,-0.89862,0.086971,-0.43002
-0.43369,0.023863,0.90074,0.087967,0.996,0.015969,-0.89676,0.086162,-0.43406
-0.43753,0.023996,0.89888,0.087856,0.996,0.016175,-0.8949,0.08605,-0.43789
-0.44102,0.025056,0.89715,0.088529,0.99595,0.015704,-0.89312,0.08635,-0.44145
-0.44466,0.025003,0.89535,0.088102,0.99598,0.015941,-0.89136,0.08597,-0.44507
-0.4483,0.025216,0.89353,0.087179,0.99607,0.01563,-0.88962,0.084904,-0.44874
-0.45193,0.025071,0.8917,0.087005,0.99608,0.016091,-0.8878,0.084855,-0.45234
-0.45539,0.025925,0.88992,0.087604,0.99603,0.015812,-0.88597,0.085161,-0.45585
-0.45889,0.027017,0.88808,0.089033,0.9959,0.015709,-0.88402,0.086277,-0.45942
-0.4621,0.028998,0.88635,0.091215,0.99572,0.014979,-0.88212,0.08777,-0.46277
-0.46497,0.029829,0.88482,0.092122,0.99564,0.014845,-0.88052,0.088414,-0.46569
-0.46786,0.031908,0.88323,0.094028,0.99547,0.013845,-0.87879,0.089525,-0.46874
-0.47049,0.034258,0.88174,0.095931,0.99531,0.012518,-0.87717,0.090476,-0.47157
-0.47329,0.03502,0.88021,0.096778,0.99523,0.012441,-0.87558,0.091073,-0.47442
-0.4765,0.036186,0.87843,0.097503,0.99516,0.011894,-0.87375,0.091317,-0.47772
-0.47977,0.036259,0.87665,0.096483,0.99527,0.011638,-0.87208,0.090165,-0.48099
-0.48305,0.037383,0.8748,0.097276,0.99519,0.011186,-0.87018,0.0905,-0.48436
-0.48636,0.037698,0.87294,0.096347,0.99529,0.010698,-0.86843,0.089308,-0.4877
-0.48915,0.037547,0.87139,0.09475,0.99545,0.010294,-0.86704,0.0876,-0.49048
-0.49189,0.037805,0.86984,0.095876,0.99533,0.010958,-0.86536,0.088786,-0.49322
-0.4939,0.037835,0.8687,0.097488,0.99516,0.012084,-0.86404,0.090655,-0.4952
-0.49595,0.037755,0.86753,0.09816,0.99509,0.01281,-0.86278,0.09151,-0.49722
-0.49816,0.037773,0.86626,0.09816,0.99509,0.013058,-0.86151,0.091537,-0.49942
-0.50046,0.037101,0.86496,0.097556,0.99513,0.013761,-0.86025,0.091269,-0.50164
-0.50302,0.037033,0.86348,0.098427,0.99504,0.014663,-0.85865,0.092366,-0.50417
-0.50516,0.037057,0.86223,0.098928,0.99498,0.015197,-0.85734,0.092976,-0.50629
-0.50713,0.037809,0.86104,0.098539,0.99503,0.014344,-0.85622,0.092121,-0.50833
-0.50936,0.040042,0.85962,0.097944,0.99512,0.011682,-0.85496,0.090145,-0.5108
-0.51267,0.039313,0.85769,0.096332,0.99528,0.011962,-0.85317,0.088755,-0.51403
-0.51716,0.036906,0.85509,0.093604,0.99552,0.013645,-0.85076,0.087096,-0.51829
-0.52206,0.034515,0.85221,0.091148,0.99572,0.01551,-0.84803,0.085774,-0.52297
-0.52682,0.033094,0.84933,0.089794,0.99582,0.016895,-0.84522,0.085165,-0.52759
-0.53117,0.033489,0.8466,0.090175,0.99578,0.017187,-0.84245,0.085472,-0.53195
-0.53531,0.034674,0.84395,0.092385,0.99557,0.017696,-0.83959,0.087441,-0.53614
-0.53903,0.035885,0.84152,0.093812,0.99543,0.017642,-0.83705,0.088454,-0.53993
-0.54268,0.035836,0.83917,0.094209,0.99538,0.018417,-0.83464,0.089052,-0.54355
-0.54662,0.034262,0.83668,0.094553,0.9953,0.021016,-0.83203,0.090599,-0.54729
-0.55053,0.032886,0.83417,0.093089,0.99541,0.022193,-0.82961,0.08987,-0.55107
-0.55429,0.032784,0.83168,0.092339,0.99548,0.0223,-0.82719,0.089157,-0.55481
-0.55832,0.032214,0.829,0.091878,0.9955,0.023195,-0.82452,0.089118,-0.55877
-0.5624,0.031727,0.82625,0.093174,0.99533,0.025201,-0.8216,0.091159,-0.56273
-0.56627,0.032007,0.8236,0.093764,0.99526,0.02579,-0.81887,0.091828,-0.56658
-0.56993,0.031059,0.8211,0.091971,0.99542,0.026185,-0.81653,0.090442,-0.57018
-0.57346,0.029802,0.81869,0.091468,0.99542,0.027835,-0.81411,0.090846,-0.57356
-0.57643,0.028832,0.81663,0.09162,0.99536,0.029529,-0.81199,0.091842,-0.5764
-0.57923,0.028337,0.81467,0.089605,0.99555,0.029081,-0.81023,0.089843,-0.57919
-0.58217,0.027386,0.8126,0.08553,0.99595,0.027711,-0.80855,0.085635,-0.58216
-0.58528,0.02656,0.81039,0.082437,0.99623,0.026887,-0.80663,0.082543,-0.58527
-0.58849,0.023609,0.80816,0.079753,0.99639,0.028967,-0.80456,0.0815,-0.58825
-0.59156,0.022714,0.80594,0.080133,0.99631,0.030738,-0.80227,0.082766,-0.59119
-0.59459,0.02268,0.80371,0.079393,0.99637,0.030619,-0.8001,0.082015,-0.59424
-0.59744,0.023082,0.80158,0.078135,0.99651,0.029541,-0.7981,0.08028,-0.59716
-0.60072,0.018767,0.79924,0.075114,0.99663,0.033055,-0.79592,0.079891,-0.6001
-0.60388,0.016234,0.79691,0.072426,0.99677,0.034576,-0.79378,0.078597,-0.6031
-0.60685,0.016342,0.79465,0.071943,0.99681,0.034441,-0.79156,0.07807,-0.60609
-0.60959,0.016055,0.79255,0.071263,0.99686,0.034619,-0.78951,0.077583,-0.60882
-0.61221,0.015809,0.79054,0.071086,0.99685,0.035116,-0.7875,0.077695,-0.6114
-0.61502,0.014284,0.78838,0.070431,0.99683,0.036882,-0.78536,0.07821,-0.61408
-0.6178,0.013598,0.78622,0.067866,0.99704,0.036083,-0.7834,0.075649,-0.61689
-0.62067,0.010858,0.784,0.058857,0.99773,0.032778,-0.78186,0.066488,-0.6199
-0.62399,0.011928,0.78134,0.049512,0.99848,0.024299,-0.77986,0.053848,-0.62363
-0.62663,0.022058,0.77901,0.059009,0.99807,0.019205,-0.77708,0.058003,-0.62672
-0.62748,0.023882,0.77827,0.066643,0.99751,0.023122,-0.77578,0.066374,-0.6275
-0.62934,0.013505,0.77701,0.065791,0.99719,0.035956,-0.77434,0.073749,-0.62846
-0.63228,0.003795,0.77473,0.060299,0.9972,0.044327,-0.77239,0.074742,-0.63073
-0.63548,-0.0021695,0.77211,0.054287,0.9974,0.047483,-0.7702,0.072091,-0.63371
-0.63828,-0.002563,0.7698,0.052811,0.99749,0.047109,-0.76799,0.070722,-0.63654
-0.64076,0.002181,0.76774,0.057985,0.99728,0.045561,-0.76555,0.073711,-0.63914
-0.64271,0.0092812,0.76605,0.063149,0.99717,0.040901,-0.7635,0.074663,-0.64148
-0.64513,0.012991,0.76397,0.06466,0.9972,0.037645,-0.76134,0.073684,-0.64416
-0.64801,0.012027,0.76154,0.064008,0.9972,0.038717,-0.75894,0.073834,-0.64697
-0.65085,0.011611,0.75912,0.064626,0.9971,0.040158,-0.75645,0.075196,-0.64971
-0.65323,0.011211,0.75708,0.065226,0.99701,0.041514,-0.75434,0.076499,-0.65201
-0.65506,0.011688,0.75549,0.065882,0.99696,0.041701,-0.7527,0.07709,-0.65384
-0.65646,0.011727,0.75427,0.066145,0.99692,0.042069,-0.75146,0.077508,-0.65521
-0.65767,0.012323,0.7532,0.066899,0.99687,0.042105,-0.75033,0.078079,-0.65644
-0.6587,0.012035,0.75231,0.068244,0.99671,0.043808,-0.7493,0.080197,-0.65735
-0.65977,0.011153,0.75138,0.069999,0.99645,0.046674,-0.7482,0.083391,-0.65821
-0.66089,0.010782,0.7504,0.071518,0.99625,0.048673,-0.74706,0.085835,-0.65919
-0.66198,0.011472,0.74943,0.070867,0.99636,0.047346,-0.74616,0.084452,-0.66039
-0.66345,0.011665,0.74813,0.067032,0.99678,0.043903,-0.74521,0.079276,-0.6621
-0.66473,0.011132,0.747,0.063973,0.99706,0.042069,-0.74434,0.075752,-0.66349
-0.6658,0.010008,0.74606,0.063062,0.99709,0.042902,-0.74346,0.075612,-0.66449
-0.66669,0.0086695,0.74529,0.061296,0.99718,0.043232,-0.74281,0.074506,-0.66534
-0.6676,0.0082854,0.74447,0.058522,0.99743,0.041378,-0.74222,0.071192,-0.66637
-0.66845,0.0069913,0.74372,0.057252,0.99747,0.042081,-0.74155,0.070709,-0.66716
-0.6689,0.0055166,0.74333,0.057773,0.99733,0.044586,-0.7411,0.072768,-0.66743
-0.66886,0.0047826,0.74338,0.059628,0.9971,0.047236,-0.741,0.07592,-0.6672
-0.66796,0.003318,0.74419,0.064136,0.99653,0.053123,-0.74143,0.083214,-0.66585
-0.66647,0.002245,0.74553,0.068076,0.996,0.057857,-0.74242,0.089313,-0.66395
-0.6647,0.00045258,0.74711,0.063876,0.99637,0.056227,-0.74438,0.085097,-0.66232
-0.66402,0.00073325,0.74771,0.05668,0.99717,0.049358,-0.74556,0.075155,-0.66219
-0.66233,-0.0016851,0.74921,0.051146,0.99756,0.047459,-0.74746,0.069752,-0.66063
-0.65993,-0.0024894,0.75132,0.049419,0.99769,0.046713,-0.7497,0.067957,-0.65828
-0.65714,-0.0023847,0.75377,0.051181,0.99755,0.047776,-0.75203,0.069974,-0.6554
-0.65423,-0.0020311,0.75629,0.052113,0.9975,0.04776,-0.75449,0.070659,-0.65249
-0.65181,-0.0007487,0.75838,0.050353,0.99775,0.044263,-0.75671,0.067038,-0.65031
-0.65029,-0.0056947,0.75967,0.043404,0.99806,0.044636,-0.75845,0.061999,-0.64878
-0.64938,-0.0125,0.76036,0.034516,0.99835,0.04589,-0.75968,0.056045,-0.64788
-0.64878,-0.015411,0.76082,0.027664,0.99866,0.043819,-0.76048,0.049476,-0.64748
-0.64822,-0.016484,0.76127,0.025354,0.99874,0.043215,-0.76103,0.047314,-0.64699
-0.64711,-0.016511,0.76221,0.027166,0.99863,0.044695,-0.76191,0.049629,-0.64578
-0.64577,-0.017503,0.76333,0.02916,0.99844,0.047563,-0.76297,0.052973,-0.64426
-0.64442,-0.019387,0.76442,0.027908,0.99842,0.048848,-0.76416,0.052812,-0.64286
-0.64348,-0.020022,0.7652,0.025511,0.99854,0.04758,-0.76504,0.050137,-0.64203
-0.64258,-0.018924,0.76599,0.024706,0.99866,0.045398,-0.76582,0.048096,-0.64125
-0.64151,-0.01755,0.76691,0.025115,0.99872,0.043863,-0.7667,0.0474,-0.64025
-0.64035,-0.017039,0.76789,0.027277,0.99862,0.044905,-0.7676,0.049701,-0.639
-0.6391,-0.017028,0.76893,0.028976,0.99851,0.046195,-0.76858,0.051803,-0.63766
-0.6382,-0.017577,0.76967,0.029117,0.99847,0.046946,-0.76932,0.052371,-0.63672
-0.63726,-0.017573,0.77045,0.028938,0.99849,0.04671,-0.7701,0.052062,-0.63579
-0.63647,-0.018718,0.77108,0.028565,0.99845,0.047815,-0.77078,0.052459,-0.63494
-0.63573,-0.019917,0.77166,0.028043,0.99841,0.048873,-0.7714,0.052709,-0.63416
-0.6352,-0.019121,0.77211,0.027615,0.99849,0.047446,-0.77185,0.05146,-0.63372
-0.63478,-0.01786,0.77248,0.027693,0.99856,0.045843,-0.77219,0.050493,-0.63338
-0.63422,-0.018267,0.77293,0.028109,0.99852,0.046663,-0.77264,0.051322,-0.63277
-0.63377,-0.019642,0.77328,0.027666,0.99846,0.048037,-0.77303,0.051837,-0.63225
-0.63365,-0.020853,0.77334,0.02629,0.99848,0.048465,-0.77318,0.051041,-0.63213
-0.63379,-0.021277,0.77321,0.025666,0.99849,0.048514,-0.77308,0.050593,-0.63229
-0.63398,-0.020927,0.77306,0.025863,0.9985,0.04824,-0.77291,0.050577,-0.63249
-0.63419,-0.020496,0.7729,0.026333,0.9985,0.048086,-0.77272,0.050849,-0.6327
-0.63441,-0.022001,0.77268,0.026082,0.99842,0.049843,-0.77255,0.051773,-0.63283
-0.63466,-0.023733,0.77242,0.024896,0.99838,0.051132,-0.77239,0.051681,-0.63305
-0.63493,-0.024082,0.7722,0.02463,0.99838,0.051387,-0.77218,0.051646,-0.6333
-0.63499,-0.024113,0.77214,0.023972,0.99842,0.050893,-0.77215,0.050826,-0.63341
-0.63508,-0.02372,0.77208,0.02397,0.99844,0.050391,-0.77208,0.050509,-0.63352
-0.63487,-0.022892,0.77228,0.025007,0.99843,0.050154,-0.77221,0.051154,-0.6333
-0.63461,-0.023069,0.77249,0.024908,0.99842,0.050279,-0.77243,0.051149,-0.63304
-0.63463,-0.023177,0.77247,0.02483,0.99842,0.050356,-0.77242,0.051138,-0.63305
-0.63452,-0.022927,0.77257,0.024433,0.99847,0.049698,-0.77252,0.050411,-0.63298
-0.63445,-0.024043,0.77259,0.02356,0.99845,0.050418,-0.77261,0.05019,-0.6329
-0.63423,-0.024356,0.77276,0.024027,0.9984,0.051187,-0.77277,0.051031,-0.63263
-0.63399,-0.025759,0.77291,0.023904,0.99831,0.052879,-0.77297,0.052001,-0.63231
-0.63377,-0.024906,0.77312,0.02433,0.99835,0.052107,-0.77314,0.051835,-0.63212
-0.63358,-0.024083,0.77331,0.025508,0.99832,0.05199,-0.77326,0.052665,-0.6319
-0.63328,-0.024302,0.77354,0.025982,0.99828,0.052634,-0.77349,0.05343,-0.63156
-0.63305,-0.025231,0.7737,0.025432,0.99825,0.053363,-0.7737,0.053458,-0.6313
-0.63317,-0.025086,0.77361,0.02469,0.99831,0.052581,-0.77362,0.052393,-0.63148
-0.63335,-0.024992,0.77346,0.024644,0.99832,0.052437,-0.77347,0.052272,-0.63167
-0.63342,-0.026222,0.77336,0.024291,0.99826,0.053743,-0.77343,0.052828,-0.63168
-0.63358,-0.027976,0.77317,0.023918,0.99816,0.055716,-0.77331,0.053793,-0.63174
-0.63387,-0.029307,0.77288,0.0228,0.99814,0.056548,-0.7731,0.053465,-0.63202
-0.63415,-0.027558,0.77272,0.022603,0.99828,0.054151,-0.77288,0.051806,-0.63243
-0.6344,-0.02557,0.77259,0.022119,0.99844,0.051208,-0.77269,0.049575,-0.63284
-0.63446,-0.025245,0.77255,0.022369,0.99845,0.050997,-0.77264,0.049637,-0.63291
-0.63436,-0.027229,0.77256,0.022868,0.99828,0.053962,-0.7727,0.051898,-0.63265
-0.63438,-0.028258,0.77251,0.023585,0.99816,0.05588,-0.77266,0.053668,-0.63254
-0.63439,-0.02726,0.77254,0.024454,0.99817,0.055302,-0.77263,0.053974,-0.63256
-0.63444,-0.026439,0.77252,0.02466,0.99821,0.054416,-0.77258,0.053574,-0.63266
-0.63443,-0.025821,0.77255,0.025238,0.99822,0.054089,-0.77257,0.053813,-0.63265
-0.63433,-0.025488,0.77264,0.026401,0.99816,0.054602,-0.77261,0.055034,-0.63249
-0.63418,-0.025864,0.77275,0.027258,0.99807,0.055776,-0.7727,0.056436,-0.63226
-0.63396,-0.027113,0.77289,0.026515,0.99804,0.05676,-0.77291,0.056477,-0.632
-0.63389,-0.027268,0.77294,0.026729,0.99801,0.057128,-0.77296,0.056873,-0.6319
-0.63359,-0.026592,0.77322,0.027707,0.99799,0.057027,-0.77318,0.057555,-0.63157
-0.63321,-0.027775,0.77348,0.028175,0.99787,0.058898,-0.77347,0.059088,-0.63108
-0.6328,-0.028644,0.77378,0.026913,0.9979,0.05895,-0.77384,0.058129,-0.6307
-0.63258,-0.03044,0.7739,0.02506,0.9979,0.059735,-0.77409,0.057181,-0.63049
-0.63227,-0.029394,0.77419,0.02523,0.99797,0.058495,-0.77434,0.056518,-0.63025
-0.63172,-0.02793,0.77469,0.026536,0.99799,0.057618,-0.77474,0.056956,-0.62971
-0.63092,-0.026856,0.77538,0.028001,0.99796,0.057349,-0.77534,0.057894,-0.62888
-0.63024,-0.027075,0.77593,0.028432,0.99792,0.057915,-0.77588,0.058562,-0.62816
-0.62968,-0.028679,0.77633,0.028197,0.99782,0.059733,-0.77634,0.059502,-0.6275
-0.62911,-0.027334,0.77683,0.028646,0.99789,0.058311,-0.77679,0.058938,-0.627
-0.62844,-0.027626,0.77737,0.027925,0.99792,0.058039,-0.77736,0.058182,-0.62636
-0.62795,-0.028104,0.77775,0.0273,0.99794,0.058102,-0.77777,0.057718,-0.62589
-0.62729,-0.028484,0.77827,0.026916,0.99794,0.058219,-0.77832,0.057468,-0.62523
-0.62675,-0.029296,0.77867,0.026269,0.99793,0.058689,-0.77878,0.057239,-0.62468
-0.62633,-0.030209,0.77897,0.025046,0.99795,0.058839,-0.77916,0.056363,-0.62429
-0.62593,-0.030963,0.77927,0.023471,0.99801,0.058507,-0.77953,0.054911,-0.62396
-0.62609,-0.030383,0.77916,0.022468,0.99812,0.056976,-0.77943,0.053178,-0.62423
-0.62626,-0.031135,0.77899,0.022811,0.99804,0.05823,-0.77928,0.054237,-0.62433
-0.6264,-0.03193,0.77885,0.023491,0.99793,0.059805,-0.77915,0.055758,-0.62435
-0.62651,-0.033128,0.77871,0.022449,0.99791,0.060516,-0.77909,0.055395,-0.62446
-0.6267,-0.032647,0.77858,0.021518,0.99802,0.059169,-0.77896,0.053835,-0.62475
-0.62679,-0.03057,0.77859,0.022021,0.99814,0.056918,-0.77888,0.052821,-0.62495
-0.62661,-0.029154,0.77879,0.02265,0.9982,0.055592,-0.77901,0.052473,-0.62482
-0.6265,-0.028756,0.77889,0.023099,0.9982,0.055432,-0.77908,0.05272,-0.62471
-0.62653,-0.030152,0.77881,0.022949,0.9981,0.057104,-0.77906,0.053651,-0.62465
-0.62649,-0.030689,0.77882,0.023684,0.99801,0.058377,-0.77907,0.055019,-0.62452
-0.62636,-0.030725,0.77893,0.024069,0.99798,0.058721,-0.77916,0.055528,-0.62436
-0.62615,-0.030476,0.77911,0.023732,0.99803,0.058113,-0.77934,0.054877,-0.62419
-0.62591,-0.03014,0.77931,0.023631,0.99806,0.057579,-0.77954,0.054456,-0.62398
-0.62562,-0.030382,0.77954,0.023904,0.99803,0.058081,-0.77976,0.054971,-0.62366
-0.62523,-0.030313,0.77985,0.023804,0.99804,0.057879,-0.78008,0.054752,-0.62328
-0.62496,-0.031212,0.78003,0.023253,0.99801,0.058564,-0.78031,0.054738,-0.623
-0.62461,-0.031735,0.78029,0.022672,0.99802,0.058738,-0.78061,0.054379,-0.62265
-0.62426,-0.030236,0.78063,0.022957,0.99811,0.057018,-0.78088,0.053515,-0.62238
-0.62378,-0.030437,0.78101,0.022878,0.9981,0.05717,-0.78126,0.053529,-0.6219
-0.62342,-0.031019,0.78127,0.023212,0.99804,0.058147,-0.78154,0.054385,-0.62148
-0.62307,-0.031224,0.78154,0.023805,0.99798,0.05885,-0.7818,0.055272,-0.62107
-0.62263,-0.030361,0.78192,0.02388,0.99804,0.057768,-0.78215,0.05464,-0.62069
-0.62222,-0.028987,0.7823,0.024292,0.99812,0.056304,-0.78246,0.054037,-0.62035
-0.62166,-0.028497,0.78276,0.02498,0.99811,0.056175,-0.78288,0.054475,-0.61978
-0.62103,-0.029434,0.78323,0.025796,0.99799,0.057958,-0.78336,0.056198,-0.61902
-0.62058,-0.030139,0.78356,0.025828,0.99793,0.058841,-0.78372,0.056754,-0.61852
-0.62012,-0.03024,0.78393,0.025845,0.99793,0.058939,-0.78408,0.05681,-0.61805
-0.61975,-0.030954,0.78419,0.025267,0.99792,0.059359,-0.78439,0.056602,-0.61768
-0.61923,-0.030372,0.78463,0.025313,0.99796,0.058608,-0.78481,0.056153,-0.61719
-0.61872,-0.029382,0.78506,0.025264,0.99804,0.057264,-0.78521,0.055264,-0.61676
-0.6183,-0.028958,0.78541,0.025211,0.99808,0.056646,-0.78553,0.054825,-0.61638
-0.61815,-0.028999,0.78553,0.024862,0.9981,0.056411,-0.78567,0.0544,-0.61625
-0.61812,-0.029591,0.78553,0.0243,0.99809,0.05672,-0.78571,0.054148,-0.61622
-0.61826,-0.029618,0.78542,0.023731,0.99813,0.056321,-0.78562,0.05346,-0.6164
-0.61853,-0.030301,0.78518,0.022982,0.99813,0.056623,-0.78543,0.053068,-0.61667
-0.61888,-0.030622,0.78489,0.021938,0.99818,0.056241,-0.78518,0.052025,-0.61708
-0.61925,-0.030599,0.7846,0.021575,0.9982,0.055957,-0.7849,0.051578,-0.61747
-0.61959,-0.030909,0.78432,0.021927,0.99815,0.056658,-0.78462,0.052302,-0.61777
-0.61993,-0.031246,0.78404,0.022298,0.9981,0.057408,-0.78434,0.053071,-0.61805
-0.62033,-0.031065,0.78373,0.023676,0.99802,0.058299,-0.78399,0.054721,-0.61836
-0.62049,-0.031432,0.78359,0.023383,0.99801,0.058549,-0.78387,0.054651,-0.61852
-0.62065,-0.030961,0.78347,0.022962,0.99807,0.057632,-0.78375,0.053759,-0.61875
-0.62059,-0.029761,0.78357,0.023504,0.99812,0.056526,-0.78378,0.053496,-0.61873
-0.62041,-0.028735,0.78375,0.025165,0.99808,0.056512,-0.78388,0.054784,-0.61849
-0.6199,-0.027778,0.78419,0.026406,0.99807,0.056229,-0.78423,0.055564,-0.61797
-0.61943,-0.027644,0.78457,0.027626,0.99799,0.056974,-0.78457,0.056966,-0.61742
-0.61897,-0.02721,0.78495,0.028181,0.99799,0.056816,-0.78491,0.057288,-0.61695
-0.61847,-0.026914,0.78534,0.027894,0.99803,0.05617,-0.78531,0.056646,-0.61651
-0.61804,-0.027128,0.78568,0.026875,0.99809,0.055603,-0.78569,0.05548,-0.61613
-0.61764,-0.026778,0.786,0.02661,0.99814,0.054914,-0.78601,0.054833,-0.61578
-0.61717,-0.027357,0.78636,0.026048,0.99814,0.055169,-0.7864,0.054531,-0.6153
-0.6167,-0.028252,0.78669,0.027051,0.998,0.057047,-0.78673,0.056461,-0.61471
-0.61607,-0.028602,0.78717,0.027848,0.99792,0.058055,-0.7872,0.057687,-0.614
-0.61559,-0.028098,0.78757,0.028646,0.99791,0.057992,-0.78755,0.05826,-0.6135
-0.61502,-0.026664,0.78806,0.029587,0.99794,0.056855,-0.78796,0.058283,-0.61296
-0.61428,-0.025934,0.78866,0.02957,0.998,0.055849,-0.78854,0.057628,-0.61228
-0.61352,-0.024658,0.7893,0.029927,0.99807,0.054443,-0.78911,0.057023,-0.6116
-0.61283,-0.024587,0.78983,0.029914,0.99808,0.054279,-0.78965,0.056891,-0.61092
-0.6122,-0.023494,0.79036,0.030547,0.99811,0.053331,-0.79012,0.056792,-0.61032
-0.61141,-0.022974,0.79098,0.030868,0.99813,0.05285,-0.79071,0.056729,-0.60955
-0.61064,-0.024777,0.79152,0.029324,0.99812,0.053868,-0.79136,0.056104,-0.60877
-0.6101,-0.026033,0.79189,0.027251,0.99818,0.053809,-0.79185,0.054409,-0.60828
-0.60961,-0.025749,0.79229,0.026846,0.99823,0.053099,-0.79225,0.05364,-0.60783
-0.60895,-0.024344,0.79284,0.028174,0.99823,0.05229,-0.79271,0.054179,-0.60719
-0.60823,-0.022454,0.79345,0.029858,0.99825,0.051137,-0.7932,0.054793,-0.60649
-0.60787,-0.022565,0.79372,0.029877,0.99824,0.051262,-0.79348,0.054874,-0.60612
-0.6079,-0.024285,0.79364,0.029232,0.99817,0.052933,-0.79348,0.055378,-0.60607
-0.60808,-0.026199,0.79345,0.02722,0.99818,0.053819,-0.79341,0.054324,-0.60626
-0.60826,-0.026319,0.7933,0.025982,0.99825,0.053041,-0.79331,0.052875,-0.60652
-0.60816,-0.02464,0.79343,0.025715,0.99838,0.050716,-0.7934,0.051246,-0.60654
-0.6077,-0.024938,0.79377,0.026819,0.99829,0.051896,-0.79371,0.052826,-0.606
-0.60702,-0.024728,0.79431,0.029305,0.99814,0.053468,-0.79415,0.055733,-0.60516
-0.60646,-0.02383,0.79476,0.03164,0.99804,0.054069,-0.79448,0.057937,-0.60451
-0.60591,-0.022103,0.79522,0.033171,0.99804,0.053014,-0.79484,0.0585,-0.60399
-0.60539,-0.019875,0.79568,0.033227,0.99819,0.050213,-0.79524,0.056836,-0.60363
-0.60475,-0.018068,0.79621,0.033496,0.99828,0.048094,-0.79571,0.055755,-0.6031
-0.60375,-0.017533,0.79698,0.034338,0.99826,0.047974,-0.79643,0.056331,-0.6021
-0.60281,-0.018858,0.79766,0.034648,0.99816,0.049783,-0.79713,0.057647,-0.60105
-0.60202,-0.019785,0.79824,0.034178,0.99814,0.050516,-0.79775,0.057693,-0.60022
-0.60118,-0.019584,0.79887,0.033739,0.99819,0.04986,-0.7984,0.056928,-0.59943
-0.60042,-0.020039,0.79943,0.032921,0.99822,0.049747,-0.79901,0.056187,-0.59869
-0.59961,-0.020431,0.80003,0.03264,0.99822,0.049956,-0.79963,0.056068,-0.59788
-0.59875,-0.019694,0.80069,0.032656,0.99827,0.048974,-0.80027,0.055471,-0.59707
-0.59791,-0.019614,0.80133,0.031566,0.99835,0.047989,-0.80094,0.053987,-0.5963
-0.59744,-0.019034,0.80169,0.032773,0.9983,0.048125,-0.80125,0.055026,-0.5958
-0.59697,-0.019404,0.80203,0.03277,0.99828,0.048544,-0.80159,0.055262,-0.59531
-0.5969,-0.020586,0.80205,0.032018,0.99826,0.04945,-0.80167,0.055197,-0.59521
-0.59711,-0.022166,0.80185,0.030513,0.99827,0.050318,-0.80158,0.054513,-0.5954
-0.59747,-0.022249,0.80159,0.029125,0.99835,0.049418,-0.80137,0.052872,-0.59583
-0.59771,-0.021693,0.80142,0.028319,0.99844,0.048147,-0.80121,0.051473,-0.59616
-0.59812,-0.021683,0.80111,0.028239,0.99844,0.048108,-0.80091,0.051397,-0.59658
-0.59865,-0.0212,0.80073,0.029139,0.99841,0.048219,-0.80048,0.052198,-0.59708
-0.59921,-0.020524,0.80033,0.030303,0.99837,0.048291,-0.80002,0.053189,-0.59762
-0.59973,-0.02016,0.79995,0.031001,0.99835,0.048403,-0.7996,0.053828,-0.59812
-0.60028,-0.021244,0.79951,0.031318,0.99826,0.050039,-0.79918,0.055076,-0.59857
-0.60063,-0.02189,0.79923,0.030661,0.99826,0.050384,-0.79894,0.054767,-0.59891
-0.60069,-0.020385,0.79922,0.029563,0.99842,0.047685,-0.79893,0.052271,-0.59914
-0.60061,-0.018764,0.79932,0.029243,0.99854,0.045413,-0.79901,0.05065,-0.59918
-0.6003,-0.017605,0.79958,0.029642,0.99858,0.044241,-0.79922,0.050259,-0.59893
-0.59992,-0.017985,0.79986,0.030106,0.99853,0.045032,-0.7995,0.051096,-0.59849
-0.59939,-0.018455,0.80025,0.030141,0.9985,0.045602,-0.79989,0.051453,-0.59793
-0.59881,-0.018412,0.80068,0.030845,0.99846,0.046028,-0.8003,0.052259,-0.59732
-0.59793,-0.018149,0.80134,0.032202,0.99839,0.04664,-0.8009,0.053693,-0.59639
-0.59696,-0.017736,0.80207,0.0332,0.99835,0.046786,-0.80158,0.054558,-0.59539
-0.59576,-0.017586,0.80297,0.033626,0.99834,0.046814,-0.80245,0.05489,-0.59418
-0.59462,-0.017892,0.80381,0.033874,0.99831,0.04728,-0.80329,0.055341,-0.59301
-0.59348,-0.017712,0.80465,0.034435,0.99828,0.047372,-0.80411,0.055823,-0.59185
-0.59234,-0.017952,0.80549,0.034492,0.99827,0.047613,-0.80495,0.055986,-0.59069
-0.59127,-0.019447,0.80624,0.033927,0.99822,0.048959,-0.80576,0.056302,-0.58956
-0.5902,-0.020475,0.807,0.033391,0.9982,0.049747,-0.80656,0.056307,-0.58846
-0.58929,-0.020458,0.80766,0.031985,0.9983,0.048624,-0.80729,0.054487,-0.58764
-0.5885,-0.020569,0.80823,0.031746,0.99832,0.048522,-0.80787,0.054213,-0.58686
-0.58775,-0.020219,0.80879,0.032777,0.99827,0.048774,-0.80838,0.055177,-0.58607
-0.58737,-0.020613,0.80905,0.032841,0.99825,0.049275,-0.80865,0.055513,-0.58567
-0.58743,-0.020707,0.80901,0.032932,0.99823,0.049462,-0.80861,0.055698,-0.58571
-0.58764,-0.023785,0.80878,0.031501,0.99814,0.052242,-0.80851,0.056177,-0.58579
-0.58793,-0.024525,0.80854,0.030167,0.99818,0.052213,-0.80835,0.055089,-0.58612
-0.58815,-0.025319,0.80836,0.028695,0.99823,0.052144,-0.80824,0.053864,-0.58638
-0.58807,-0.024306,0.80845,0.027975,0.99834,0.050364,-0.80833,0.052233,-0.58641
-0.58762,-0.024924,0.80875,0.027586,0.99833,0.05081,-0.80866,0.052168,-0.58595
-0.58717,-0.026623,0.80902,0.02691,0.99826,0.052381,-0.80901,0.052527,-0.58544
-0.58682,-0.02557,0.80931,0.026589,0.99835,0.050823,-0.80928,0.051343,-0.58518
-0.58643,-0.024228,0.80964,0.026897,0.99842,0.049359,-0.80955,0.050722,-0.58485
-0.58607,-0.023862,0.80991,0.028704,0.99833,0.050184,-0.80975,0.052659,-0.58441
-0.58586,-0.025263,0.81002,0.029367,0.9982,0.052373,-0.80988,0.054471,-0.58406
-0.58577,-0.026641,0.81004,0.029933,0.99807,0.054471,-0.80992,0.056154,-0.58384
-0.58553,-0.027404,0.81019,0.029417,0.99805,0.055018,-0.81012,0.056048,-0.58358
-0.58501,-0.029104,0.8105,0.028822,0.99798,0.05664,-0.81051,0.056495,-0.58299
-0.58421,-0.027893,0.81112,0.029518,0.99802,0.05558,-0.81107,0.056413,-0.58223
-0.58309,-0.026048,0.81199,0.03143,0.99801,0.054585,-0.8118,0.057348,-0.58111
-0.58167,-0.024667,0.81305,0.033787,0.99794,0.054448,-0.81273,0.059141,-0.57964
-0.58019,-0.024647,0.81411,0.034953,0.99787,0.05512,-0.81373,0.060435,-0.57809
-0.57889,-0.025884,0.81499,0.035231,0.99777,0.056713,-0.81464,0.061544,-0.57669
-0.57776,-0.02631,0.81578,0.035654,0.99771,0.057428,-0.81543,0.062266,-0.5755
-0.57656,-0.027168,0.8166,0.035905,0.99764,0.058542,-0.81626,0.063073,-0.57423
-0.57549,-0.02818,0.81733,0.035029,0.99764,0.059061,-0.81706,0.062619,-0.57314
-0.57441,-0.028474,0.81808,0.033819,0.99772,0.058473,-0.81787,0.061254,-0.57213
-0.57325,-0.028674,0.81888,0.03329,0.99775,0.058243,-0.8187,0.060648,-0.57101
-0.57219,-0.028908,0.81961,0.033559,0.99772,0.058618,-0.81943,0.061046,-0.56991
-0.57099,-0.0287,0.82045,0.033958,0.99771,0.058534,-0.82025,0.061284,-0.56871
-0.56995,-0.027811,0.82121,0.034687,0.99772,0.057864,-0.82095,0.061465,-0.56769
-0.56904,-0.029091,0.8218,0.034546,0.99765,0.059236,-0.82159,0.062097,-0.56669
-0.56826,-0.029329,0.82232,0.035659,0.99755,0.060221,-0.82207,0.063544,-0.56582
-0.56747,-0.029871,0.82285,0.035274,0.99754,0.060538,-0.82264,0.063379,-0.56502
-0.56675,-0.030576,0.82332,0.034537,0.99755,0.060821,-0.82317,0.062905,-0.56431
-0.5661,-0.030349,0.82378,0.034191,0.9976,0.060249,-0.82363,0.062273,-0.5637
-0.56556,-0.030677,0.82414,0.032994,0.99767,0.059779,-0.82405,0.061,-0.56322
-0.56506,-0.030862,0.82447,0.032624,0.99768,0.059706,-0.8244,0.060635,-0.56275
-0.56466,-0.029912,0.82478,0.033306,0.9977,0.058986,-0.82465,0.060777,-0.56237
-0.56427,-0.027853,0.82512,0.034427,0.99777,0.057224,-0.82487,0.060696,-0.56205
-0.56399,-0.028266,0.8253,0.035148,0.99769,0.05819,-0.82503,0.061826,-0.56169
-0.56367,-0.030428,0.82544,0.036031,0.99746,0.061374,-0.82522,0.064336,-0.56114
-0.56353,-0.031952,0.82547,0.034473,0.99747,0.062144,-0.82537,0.063477,-0.56101
-0.56342,-0.02713,0.82573,0.031791,0.99801,0.054482,-0.82556,0.056947,-0.56143
-0.56334,-0.023506,0.82589,0.030814,0.9983,0.049431,-0.82565,0.053296,-0.56166
-0.56323,-0.027879,0.82583,0.029464,0.99812,0.05379,-0.82578,0.054628,-0.56135
-0.56305,-0.033591,0.82574,0.029757,0.9977,0.060877,-0.82588,0.058848,-0.56076
-0.56283,-0.034948,0.82583,0.030627,0.99754,0.063088,-0.826,0.060801,-0.56038
-0.56242,-0.033843,0.82616,0.031972,0.99752,0.062629,-0.82623,0.061637,-0.55995
-0.56188,-0.032796,0.82657,0.033319,0.99751,0.062227,-0.82655,0.062505,-0.55939
-0.56132,-0.033876,0.82691,0.033425,0.99742,0.063552,-0.82692,0.063312,-0.55874
-0.56069,-0.035288,0.82727,0.03257,0.99738,0.064618,-0.82739,0.063175,-0.55807
-0.56006,-0.036102,0.82766,0.031996,0.99736,0.065155,-0.82783,0.062972,-0.55743
-0.55913,-0.033795,0.82839,0.032447,0.99751,0.062595,-0.82844,0.061877,-0.55664
-0.55823,-0.033257,0.82902,0.033046,0.99751,0.062269,-0.82903,0.062156,-0.55575
-0.55712,-0.033207,0.82977,0.033991,0.99745,0.062739,-0.82974,0.063157,-0.55457
-0.55618,-0.033415,0.83039,0.034235,0.99742,0.063067,-0.83036,0.063505,-0.5536
-0.55534,-0.032638,0.83098,0.034566,0.99746,0.062277,-0.83091,0.063309,-0.5528
-0.55434,-0.032487,0.83166,0.034329,0.9975,0.061848,-0.83158,0.062835,-0.55184
-0.55355,-0.034502,0.8321,0.033669,0.9974,0.063754,-0.83213,0.063307,-0.55095
-0.55285,-0.034371,0.83257,0.034487,0.99735,0.064074,-0.83256,0.064137,-0.5502
-0.55208,-0.036112,0.83301,0.034438,0.99722,0.066055,-0.83308,0.065154,-0.5493
-0.55137,-0.03998,0.8333,0.034376,0.99691,0.070575,-0.83355,0.067559,-0.5483
-0.55074,-0.042958,0.83357,0.032454,0.99682,0.072813,-0.83405,0.067154,-0.54759
-0.55041,-0.044097,0.83373,0.031391,0.99681,0.073446,-0.8343,0.066597,-0.54727
-0.55025,-0.041287,0.83398,0.032485,0.99696,0.070789,-0.83437,0.066043,-0.54724
-0.55011,-0.038548,0.8342,0.035283,0.99697,0.069337,-0.83435,0.067577,-0.54708
-0.55009,-0.037593,0.83426,0.036911,0.99692,0.06926,-0.83429,0.068892,-0.547
-0.55009,-0.03776,0.83425,0.036189,0.99696,0.068987,-0.83432,0.068139,-0.54705
-0.55015,-0.040231,0.8341,0.032476,0.99705,0.069511,-0.83443,0.065329,-0.54722
-0.55038,-0.039479,0.83398,0.030883,0.99724,0.067589,-0.83434,0.062956,-0.54764
-0.55036,-0.038222,0.83405,0.032374,0.99722,0.067061,-0.8343,0.063909,-0.54759
