1,9.0437e-12,2.3268e-11,1.1102e-16,9.0437e-12,1,2.3924e-10,2.2204e-16,2.3268e-11,2.3924e-10,1,-2.2204e-16,0,0,0,1
0.99905,-0.0016498,0.043552,0.051547,0.0017604,1,-0.0025022,-0.024249,-0.043548,0.0025765,0.99905,1.0007,0,0,0,1
0.99605,-0.0053679,0.088638,0.14646,0.0060102,0.99996,-0.0069807,-0.050516,-0.088597,0.0074859,0.99604,1.9957,0,0,0,1
0.99093,-0.0058869,0.13427,0.28792,0.0074482,0.99991,-0.011129,-0.079031,-0.13419,0.012028,0.99088,2.9867,0,0,0,1
0.98362,-0.0035651,0.18021,0.46575,0.0061729,0.99988,-0.013912,-0.11029,-0.18014,0.014797,0.98353,3.9638,0,0,0,1
0.97405,-0.0061736,0.22626,0.69716,0.0094868,0.99986,-0.013559,-0.14388,-0.22614,0.015354,0.97397,4.9346,0,0,0,1
0.96242,-0.0073686,0.27146,0.97157,0.01164,0.99983,-0.014128,-0.18022,-0.27131,0.016757,0.96235,5.8877,0,0,0,1
0.94884,-0.0096935,0.31562,1.2881,0.015876,0.99973,-0.017024,-0.21849,-0.31537,0.021164,0.94873,6.8262,0,0,0,1
0.93362,-0.012639,0.35804,1.6513,0.020805,0.9996,-0.018964,-0.25473,-0.35766,0.025154,0.93351,7.744,0,0,0,1
0.91619,-0.012284,0.40055,2.0505,0.021776,0.99958,-0.019156,-0.29195,-0.40014,0.026273,0.91608,8.6462,0,0,0,1
0.89656,-0.013078,0.44274,2.4887,0.023418,0.99957,-0.017897,-0.33092,-0.44231,0.026413,0.89647,9.5274,0,0,0,1
0.87451,-0.013514,0.48482,2.9663,0.024478,0.99957,-0.01629,-0.36974,-0.48439,0.026112,0.87446,10.384,0,0,0,1
0.85037,-0.013482,0.52601,3.4831,0.025177,0.99957,-0.015083,-0.4086,-0.52558,0.02607,0.85034,11.216,0,0,0,1
0.82454,-0.014011,0.56563,4.0367,0.026964,0.99953,-0.014548,-0.44397,-0.56516,0.027247,0.82453,12.019,0,0,0,1
0.79703,-0.016193,0.60372,4.6314,0.031261,0.99941,-0.014464,-0.47902,-0.60313,0.030401,0.79706,12.79,0,0,0,1
0.76815,-0.015104,0.64009,5.2521,0.031868,0.99938,-0.014661,-0.51362,-0.63948,0.03166,0.76816,13.531,0,0,0,1
0.73742,-0.018317,0.67518,5.9135,0.037186,0.99922,-0.013506,-0.54627,-0.67441,0.035067,0.73753,14.237,0,0,0,1
0.70517,-0.018113,0.70881,6.6026,0.038299,0.99919,-0.012569,-0.57774,-0.70801,0.03601,0.70529,14.912,0,0,0,1
0.67068,-0.016822,0.74156,7.316,0.038484,0.99919,-0.01214,-0.60916,-0.74075,0.03668,0.67078,15.555,0,0,0,1
0.63506,-0.017843,0.77225,8.0597,0.043586,0.99897,-0.012761,-0.63629,-0.77123,0.041763,0.63519,16.155,0,0,0,1
0.59839,-0.016316,0.80104,8.8249,0.044356,0.99893,-0.012788,-0.66528,-0.79998,0.043183,0.59848,16.722,0,0,0,1
0.56064,-0.015604,0.82791,9.6175,0.047224,0.9988,-0.013154,-0.69388,-0.82671,0.046472,0.5607,17.248,0,0,0,1
0.52173,-0.014155,0.85299,10.436,0.052991,0.99847,-0.015843,-0.72098,-0.85146,0.053466,0.52168,17.736,0,0,0,1
0.4824,-0.013143,0.87585,11.273,0.054663,0.99839,-0.015125,-0.74489,-0.87424,0.055174,0.48234,18.189,0,0,0,1
0.44375,-0.014835,0.89603,12.138,0.059629,0.99814,-0.013005,-0.77072,-0.89416,0.0592,0.44381,18.605,0,0,0,1
0.40633,-0.015673,0.91359,13.024,0.063332,0.99793,-0.011047,-0.7969,-0.91153,0.062348,0.40648,18.985,0,0,0,1
0.3706,-0.013365,0.9287,13.923,0.065499,0.99778,-0.011778,-0.8195,-0.92648,0.065194,0.37065,19.335,0,0,0,1
0.33671,-0.013699,0.94151,14.846,0.066958,0.99771,-0.009429,-0.83982,-0.93922,0.066216,0.33686,19.656,0,0,0,1
0.30321,-0.016064,0.95279,15.788,0.068938,0.99761,-0.005119,-0.85901,-0.95043,0.067235,0.30359,19.949,0,0,0,1
0.27004,-0.015841,0.96272,16.746,0.069706,0.99756,-0.0031379,-0.87796,-0.96032,0.067954,0.27048,20.21,0,0,0,1
0.23738,-0.01301,0.97133,17.711,0.067525,0.99771,-0.0031386,-0.89264,-0.96907,0.066334,0.23772,20.443,0,0,0,1
0.2058,-0.01089,0.97853,18.691,0.067526,0.99771,-0.0030978,-0.90668,-0.97626,0.066714,0.20607,20.645,0,0,0,1
0.17488,-0.010566,0.98453,19.692,0.069301,0.99759,-0.0016031,-0.92048,-0.98215,0.068509,0.17519,20.816,0,0,0,1
0.14402,-0.010953,0.98951,20.709,0.070938,0.99748,0.00071625,-0.93232,-0.98703,0.070091,0.14443,20.959,0,0,0,1
0.11323,-0.011889,0.9935,21.742,0.069606,0.99757,0.0040047,-0.94235,-0.99113,0.0687,0.11378,21.075,0,0,0,1
0.083475,-0.011821,0.99644,22.791,0.070164,0.99752,0.0059561,-0.94841,-0.99404,0.069417,0.084097,21.161,0,0,0,1
0.055759,-0.011195,0.99838,23.854,0.072761,0.99732,0.0071194,-0.95105,-0.99579,0.072246,0.056424,21.215,0,0,0,1
0.030224,-0.010554,0.99949,24.931,0.076958,0.997,0.0082002,-0.95193,-0.99658,0.07667,0.030946,21.241,0,0,0,1
0.0072008,-0.010111,0.99992,26.023,0.081253,0.99665,0.0094926,-0.95095,-0.99667,0.081178,0.0079982,21.24,0,0,0,1
-0.013588,-0.0099686,0.99986,27.127,0.087197,0.99613,0.011116,-0.94895,-0.9961,0.087335,-0.012666,21.216,0,0,0,1
-0.03163,-0.010652,0.99944,28.242,0.091654,0.9957,0.013513,-0.94563,-0.99529,0.09203,-0.030517,21.17,0,0,0,1
-0.04749,-0.010302,0.99882,29.37,0.094889,0.99538,0.014779,-0.94144,-0.99435,0.095479,-0.046293,21.107,0,0,0,1
-0.062134,-0.010862,0.99801,30.503,0.097375,0.9951,0.016893,-0.93636,-0.99331,0.09823,-0.060772,21.03,0,0,0,1
-0.075609,-0.011935,0.99707,31.642,0.097516,0.99505,0.019306,-0.92969,-0.99236,0.09869,-0.07407,20.94,0,0,0,1
-0.088055,-0.011988,0.99604,32.787,0.09729,0.99504,0.020577,-0.92168,-0.99135,0.098717,-0.086453,20.837,0,0,0,1
-0.099478,-0.0091936,0.995,33.942,0.097353,0.99507,0.018927,-0.91175,-0.99027,0.098749,-0.098092,20.719,0,0,0,1
-0.1098,-0.0053607,0.99394,35.115,0.097981,0.99506,0.01619,-0.90072,-0.98911,0.099165,-0.10873,20.585,0,0,0,1
-0.11946,-0.0025121,0.99284,36.309,0.099051,0.99498,0.014435,-0.88916,-0.98789,0.10007,-0.11861,20.437,0,0,0,1
-0.12709,-0.0012787,0.99189,37.527,0.09889,0.995,0.013953,-0.87816,-0.98695,0.099861,-0.12633,20.279,0,0,0,1
-0.13299,-0.00071498,0.99112,38.767,0.098392,0.99505,0.01392,-0.86702,-0.98622,0.099369,-0.13226,20.111,0,0,0,1
-0.13816,0.000894,0.99041,40.024,0.099411,0.99496,0.012969,-0.85645,-0.98541,0.10025,-0.13755,19.933,0,0,0,1
-0.14269,0.0028158,0.98976,41.306,0.098692,0.99505,0.011397,-0.84604,-0.98484,0.099308,-0.14226,19.746,0,0,0,1
-0.14683,0.0039176,0.98915,42.607,0.098973,0.99503,0.01075,-0.83755,-0.9842,0.099478,-0.14648,19.551,0,0,0,1
-0.14992,0.0030094,0.98869,43.933,0.098739,0.99504,0.011944,-0.82955,-0.98376,0.099413,-0.14947,19.348,0,0,0,1
-0.15223,0.0005818,0.98835,45.281,0.099334,0.99495,0.014714,-0.81879,-0.98334,0.10042,-0.15152,19.138,0,0,0,1
-0.15451,-0.00038979,0.98799,46.648,0.099374,0.99492,0.015933,-0.80599,-0.98298,0.10064,-0.15368,18.922,0,0,0,1
-0.15652,0.00034257,0.98768,48.036,0.10161,0.9947,0.015756,-0.79075,-0.98244,0.10282,-0.15572,18.699,0,0,0,1
-0.15752,0.00087398,0.98751,49.442,0.10134,0.99473,0.015284,-0.77659,-0.9823,0.10248,-0.15678,18.473,0,0,0,1
-0.15807,0.0017363,0.98743,50.871,0.10339,0.99453,0.014802,-0.76121,-0.982,0.10443,-0.15738,18.24,0,0,0,1
-0.15815,0.0022463,0.98741,52.316,0.10292,0.99459,0.014222,-0.74887,-0.98204,0.10387,-0.15752,18.006,0,0,0,1
-0.15762,0.0034913,0.98749,53.784,0.10297,0.9946,0.01292,-0.73856,-0.98212,0.10372,-0.15713,17.768,0,0,0,1
-0.15644,0.0035355,0.98768,55.276,0.10332,0.99457,0.012804,-0.72825,-0.98227,0.10405,-0.15595,17.529,0,0,0,1
-0.15495,0.002303,0.98792,56.787,0.10241,0.99465,0.013743,-0.71932,-0.9826,0.1033,-0.15435,17.289,0,0,0,1
-0.15381,0.0030542,0.9881,58.32,0.10338,0.99456,0.013019,-0.70902,-0.98268,0.10416,-0.15329,17.047,0,0,0,1
-0.1526,0.0039338,0.98828,59.87,0.10331,0.99458,0.011993,-0.69823,-0.98287,0.10393,-0.15218,16.806,0,0,0,1
-0.15163,0.0046004,0.98843,61.449,0.10432,0.99448,0.011375,-0.68985,-0.98292,0.10484,-0.15127,16.56,0,0,0,1
-0.15059,0.004531,0.98859,63.046,0.10388,0.99453,0.011265,-0.68223,-0.98312,0.10439,-0.15023,16.315,0,0,0,1
-0.14964,0.0028018,0.98874,64.661,0.10564,0.99432,0.01317,-0.67429,-0.98308,0.10642,-0.14908,16.066,0,0,0,1
-0.14895,0.0010534,0.98884,66.293,0.10692,0.99415,0.015046,-0.66593,-0.98305,0.10797,-0.14819,15.814,0,0,0,1
-0.14817,0.0015872,0.98896,67.934,0.10845,0.99399,0.014654,-0.65666,-0.983,0.10942,-0.14746,15.564,0,0,0,1
-0.14711,0.0039075,0.98911,69.591,0.11084,0.99376,0.01256,-0.64955,-0.98289,0.11148,-0.14662,15.311,0,0,0,1
-0.14647,0.0036035,0.98921,71.263,0.11012,0.99384,0.012684,-0.64555,-0.98307,0.11078,-0.14596,15.06,0,0,0,1
-0.14626,0.0032333,0.98924,72.95,0.11051,0.99379,0.013091,-0.64115,-0.98305,0.11124,-0.14571,14.807,0,0,0,1
-0.14604,0.00169,0.98928,74.657,0.10983,0.99384,0.014516,-0.63514,-0.98316,0.11077,-0.14532,14.554,0,0,0,1
-0.14564,0.0019667,0.98934,76.376,0.11169,0.99364,0.014466,-0.62664,-0.98301,0.1126,-0.14493,14.296,0,0,0,1
-0.14562,0.0021526,0.98934,78.112,0.11237,0.99356,0.014378,-0.61927,-0.98294,0.11326,-0.14492,14.038,0,0,0,1
-0.1456,0.0031775,0.98934,79.864,0.11286,0.99352,0.013419,-0.61218,-0.98288,0.11361,-0.14502,13.776,0,0,0,1
-0.14594,0.0038668,0.98929,81.627,0.11233,0.99359,0.012687,-0.60695,-0.9829,0.11298,-0.14544,13.515,0,0,0,1
-0.14706,0.0041426,0.98912,83.403,0.11121,0.99372,0.012373,-0.60374,-0.98286,0.11182,-0.1466,13.249,0,0,0,1
-0.14823,0.0049525,0.98894,85.194,0.11061,0.9938,0.011602,-0.60181,-0.98275,0.1111,-0.14786,12.98,0,0,0,1
-0.14924,0.0043381,0.98879,87.005,0.10947,0.99392,0.012162,-0.59948,-0.98272,0.11006,-0.14881,12.707,0,0,0,1
-0.15023,0.0038358,0.98864,88.827,0.10962,0.99389,0.012801,-0.59488,-0.98256,0.1103,-0.14973,12.428,0,0,0,1
-0.15067,0.0028118,0.98858,90.667,0.10701,0.99417,0.013482,-0.58926,-0.98277,0.10782,-0.15009,12.149,0,0,0,1
-0.15207,0.003896,0.98836,92.516,0.10681,0.9942,0.012514,-0.58226,-0.98258,0.10747,-0.1516,11.861,0,0,0,1
-0.15469,0.0052303,0.98795,94.384,0.10571,0.99433,0.011288,-0.57616,-0.98229,0.10619,-0.15436,11.569,0,0,0,1
-0.15849,0.0051904,0.98735,96.264,0.10645,0.99425,0.011862,-0.56909,-0.9816,0.10699,-0.15814,11.268,0,0,0,1
-0.1632,0.004743,0.98658,98.154,0.10418,0.99448,0.012453,-0.56707,-0.98108,0.10482,-0.1628,10.959,0,0,0,1
-0.16807,0.0036131,0.98577,100.05,0.10192,0.9947,0.013732,-0.56524,-0.98049,0.10278,-0.16755,10.64,0,0,0,1
-0.17278,0.0048752,0.98495,101.96,0.10096,0.99481,0.012786,-0.56415,-0.97977,0.10165,-0.17237,10.31,0,0,0,1
-0.17745,0.0062395,0.98411,103.87,0.10147,0.99477,0.011989,-0.56245,-0.97888,0.10198,-0.17716,9.9661,0,0,0,1
-0.18205,0.0079794,0.98326,105.79,0.10118,0.99481,0.01066,-0.56436,-0.97807,0.10142,-0.18192,9.6116,0,0,0,1
-0.18688,0.008787,0.98234,107.72,0.10012,0.99492,0.010147,-0.5688,-0.97727,0.10025,-0.18681,9.2464,0,0,0,1
-0.19189,0.0076331,0.98139,109.67,0.097942,0.99513,0.01141,-0.57179,-0.97652,0.098308,-0.1917,8.8716,0,0,0,1
-0.19726,0.0074808,0.98032,111.62,0.096063,0.99531,0.011735,-0.57334,-0.97563,0.096488,-0.19706,8.4866,0,0,0,1
-0.20289,0.0065767,0.97918,113.58,0.095082,0.99538,0.013016,-0.5728,-0.97457,0.095743,-0.20258,8.0869,0,0,0,1
-0.2084,0.0064692,0.97802,115.55,0.095023,0.99538,0.013664,-0.57054,-0.97342,0.095782,-0.20806,7.6742,0,0,0,1
-0.21385,0.0078583,0.97684,117.52,0.095586,0.99534,0.012918,-0.56806,-0.97218,0.096134,-0.2136,7.2469,0,0,0,1
-0.21954,0.0088563,0.97556,119.5,0.095219,0.99538,0.012392,-0.56588,-0.97095,0.095613,-0.21937,6.8083,0,0,0,1
-0.22546,0.0088532,0.97421,121.49,0.095669,0.99533,0.013095,-0.56457,-0.96954,0.096154,-0.22525,6.3512,0,0,0,1
-0.23105,0.0091909,0.9729,123.48,0.094726,0.99542,0.013092,-0.56367,-0.96832,0.095184,-0.23086,5.8832,0,0,0,1
-0.23621,0.0095509,0.97166,125.48,0.094203,0.99547,0.013116,-0.56073,-0.96713,0.094631,-0.23604,5.4035,0,0,0,1
-0.2414,0.0097192,0.97038,127.49,0.092949,0.99558,0.013152,-0.55915,-0.96596,0.09337,-0.24124,4.911,0,0,0,1
-0.24582,0.0098219,0.96927,129.5,0.094575,0.99542,0.013898,-0.55561,-0.96469,0.095085,-0.24562,4.4023,0,0,0,1
-0.2497,0.0085957,0.96828,131.52,0.096259,0.99523,0.015988,-0.54941,-0.96353,0.097198,-0.24934,3.8801,0,0,0,1
-0.25329,0.0098792,0.96734,133.55,0.097685,0.9951,0.015416,-0.54275,-0.96244,0.0984,-0.25302,3.3482,0,0,0,1
-0.25634,0.010331,0.96653,135.58,0.097979,0.99507,0.015349,-0.53604,-0.96161,0.098634,-0.25609,2.8069,0,0,0,1
-0.25976,0.010132,0.96562,137.62,0.097084,0.99515,0.015675,-0.5296,-0.96078,0.097818,-0.25949,2.258,0,0,0,1
-0.2637,0.010351,0.96455,139.68,0.095795,0.99528,0.01551,-0.52245,-0.95984,0.096489,-0.26345,1.6993,0,0,0,1
-0.26817,0.011259,0.96331,141.73,0.094469,0.99542,0.014664,-0.518,-0.95873,0.094935,-0.26801,1.1322,0,0,0,1
-0.27265,0.011088,0.96205,143.79,0.093576,0.9955,0.015047,-0.51274,-0.95755,0.094127,-0.27246,0.55159,0,0,0,1
-0.27723,0.011321,0.96074,145.86,0.093737,0.99548,0.015318,-0.5062,-0.95622,0.094303,-0.27704,-0.041372,0,0,0,1
-0.28173,0.011858,0.95942,147.93,0.093226,0.99553,0.015071,-0.50062,-0.95495,0.093689,-0.28158,-0.64493,0,0,0,1
-0.28629,0.012397,0.95806,150.01,0.092865,0.99557,0.014868,-0.49597,-0.95363,0.093227,-0.28617,-1.2611,0,0,0,1
-0.2905,0.011394,0.95681,152.1,0.092531,0.99558,0.016238,-0.48983,-0.95239,0.093252,-0.29027,-1.8923,0,0,0,1
-0.29474,0.011471,0.95551,154.18,0.093107,0.99551,0.016768,-0.48299,-0.95103,0.093907,-0.29448,-2.5332,0,0,0,1
-0.29867,0.012088,0.95428,156.28,0.094102,0.99542,0.016842,-0.47539,-0.94971,0.094829,-0.29844,-3.1877,0,0,0,1
-0.30226,0.013277,0.95313,158.37,0.094244,0.99542,0.016021,-0.46768,-0.94856,0.09467,-0.30212,-3.8515,0,0,0,1
-0.30584,0.015425,0.95196,160.47,0.094755,0.9954,0.014314,-0.46087,-0.94735,0.094581,-0.3059,-4.5253,0,0,0,1
-0.30926,0.016028,0.95084,162.59,0.095398,0.99534,0.01425,-0.45553,-0.94618,0.095116,-0.30934,-5.212,0,0,0,1
-0.31263,0.016893,0.94973,164.7,0.095183,0.99537,0.013627,-0.45255,-0.9451,0.094657,-0.31279,-5.9086,0,0,0,1
-0.31613,0.017037,0.94856,166.83,0.09503,0.99538,0.013794,-0.44953,-0.94394,0.094503,-0.31629,-6.6147,0,0,0,1
-0.32014,0.016957,0.94722,168.95,0.095014,0.99537,0.014293,-0.44561,-0.94259,0.094575,-0.32027,-7.3315,0,0,0,1
-0.32393,0.017182,0.94593,171.09,0.096406,0.99523,0.014936,-0.44167,-0.94116,0.096031,-0.32404,-8.0631,0,0,0,1
-0.32713,0.018155,0.9448,173.22,0.098788,0.99499,0.015086,-0.43655,-0.9398,0.098271,-0.32729,-8.8061,0,0,0,1
-0.3299,0.017682,0.94385,175.37,0.099457,0.99491,0.016123,-0.42941,-0.93876,0.099192,-0.32998,-9.5578,0,0,0,1
-0.33259,0.017037,0.94292,177.52,0.099302,0.99491,0.01705,-0.42093,-0.93783,0.099305,-0.33259,-10.318,0,0,0,1
-0.33536,0.016985,0.94194,179.67,0.098144,0.99503,0.017,-0.41183,-0.93696,0.098147,-0.33536,-11.086,0,0,0,1
-0.33835,0.018809,0.94083,181.83,0.09724,0.99515,0.015075,-0.40436,-0.93598,0.096587,-0.33854,-11.862,0,0,0,1
-0.34162,0.020289,0.93962,184,0.097082,0.99518,0.013807,-0.39858,-0.93481,0.095937,-0.34194,-12.65,0,0,0,1
-0.34482,0.0216,0.93842,186.17,0.095459,0.99536,0.012166,-0.39905,-0.9338,0.093776,-0.34528,-13.448,0,0,0,1
-0.34814,0.023088,0.93716,188.34,0.094274,0.99549,0.010495,-0.40005,-0.93269,0.092003,-0.34874,-14.255,0,0,0,1
-0.3519,0.023122,0.93575,190.52,0.095041,0.99541,0.011145,-0.40138,-0.9312,0.092856,-0.35248,-15.075,0,0,0,1
-0.3555,0.02193,0.93442,192.71,0.094156,0.99548,0.012459,-0.40387,-0.92992,0.09241,-0.35596,-15.909,0,0,0,1
-0.35924,0.021192,0.93301,194.9,0.093845,0.9955,0.013522,-0.40357,-0.92852,0.092415,-0.35961,-16.753,0,0,0,1
-0.36314,0.021284,0.93149,197.09,0.094103,0.99546,0.01394,-0.40212,-0.92697,0.092718,-0.36349,-17.607,0,0,0,1
-0.3666,0.021433,0.93013,199.3,0.093121,0.99556,0.013762,-0.40066,-0.92571,0.091659,-0.36697,-18.475,0,0,0,1
-0.37035,0.022011,0.92863,201.48,0.092123,0.99566,0.013141,-0.4012,-0.92431,0.090415,-0.37077,-19.344,0,0,0,1
-0.3736,0.022064,0.92733,203.69,0.092077,0.99566,0.013406,-0.40308,-0.92301,0.090394,-0.37401,-20.235,0,0,0,1
-0.3764,0.022701,0.92618,205.88,0.093086,0.99557,0.013429,-0.4062,-0.92177,0.091269,-0.37684,-21.127,0,0,0,1
-0.37892,0.022858,0.92515,208.07,0.094336,0.99544,0.014042,-0.40832,-0.92061,0.092596,-0.37935,-22.037,0,0,0,1
-0.38161,0.022502,0.92405,210.27,0.095267,0.99534,0.015105,-0.40726,-0.9194,0.093795,-0.38197,-22.954,0,0,0,1
-0.3841,0.023148,0.923,212.47,0.09628,0.99524,0.015107,-0.40518,-0.91826,0.094669,-0.3845,-23.879,0,0,0,1
-0.38661,0.024327,0.92192,214.67,0.096753,0.99521,0.014313,-0.40369,-0.91715,0.094732,-0.38711,-24.807,0,0,0,1
-0.38937,0.024501,0.92075,216.87,0.096043,0.99528,0.014131,-0.40535,-0.91606,0.093934,-0.38989,-25.745,0,0,0,1
-0.3921,0.025359,0.91957,219.09,0.095488,0.99534,0.013267,-0.40897,-0.91496,0.09301,-0.39269,-26.695,0,0,0,1
-0.39497,0.02652,0.91831,221.28,0.095487,0.99535,0.012325,-0.41457,-0.91372,0.092555,-0.39567,-27.642,0,0,0,1
-0.39743,0.026549,0.91725,223.47,0.093595,0.99554,0.011738,-0.42279,-0.91285,0.090515,-0.39814,-28.599,0,0,0,1
-0.40034,0.02718,0.91596,225.67,0.093846,0.99552,0.011477,-0.43237,-0.91155,0.090554,-0.4011,-29.566,0,0,0,1
-0.40291,0.026969,0.91484,227.87,0.095677,0.99533,0.012795,-0.44183,-0.91023,0.092684,-0.40361,-30.542,0,0,0,1
-0.40545,0.026289,0.91374,230.07,0.095756,0.99531,0.013853,-0.44856,-0.90909,0.093112,-0.40606,-31.524,0,0,0,1
-0.40864,0.025463,0.91234,232.26,0.094874,0.99538,0.014713,-0.4502,-0.90775,0.09257,-0.40917,-32.511,0,0,0,1
-0.41168,0.025807,0.91096,234.45,0.093673,0.9955,0.014131,-0.45164,-0.9065,0.091151,-0.41225,-33.504,0,0,0,1
-0.41508,0.025247,0.90944,236.64,0.092119,0.99564,0.014404,-0.45456,-0.90511,0.089755,-0.41559,-34.507,0,0,0,1
-0.41852,0.024308,0.90788,238.83,0.090999,0.99573,0.01529,-0.4565,-0.90364,0.089016,-0.41895,-35.516,0,0,0,1
-0.42208,0.02437,0.90623,241.01,0.090417,0.99579,0.015334,-0.45836,-0.90204,0.088411,-0.42251,-36.534,0,0,0,1
-0.42573,0.023895,0.90454,243.19,0.089574,0.99585,0.015851,-0.45982,-0.90041,0.087771,-0.4261,-37.559,0,0,0,1
-0.42959,0.024638,0.90269,245.36,0.089103,0.99591,0.015222,-0.46186,-0.89862,0.086971,-0.43002,-38.591,0,0,0,1
-0.43369,0.023863,0.90074,247.52,0.087967,0.996,0.015969,-0.46148,-0.89676,0.086162,-0.43406,-39.632,0,0,0,1
-0.43753,0.023996,0.89888,249.68,0.087856,0.996,0.016175,-0.46145,-0.8949,0.08605,-0.43789,-40.684,0,0,0,1
-0.44102,0.025056,0.89715,251.84,0.088529,0.99595,0.015704,-0.46284,-0.89312,0.08635,-0.44145,-41.746,0,0,0,1
-0.44466,0.025003,0.89535,253.99,0.088102,0.99598,0.015941,-0.46232,-0.89136,0.08597,-0.44507,-42.814,0,0,0,1
-0.4483,0.025216,0.89353,256.14,0.087179,0.99607,0.01563,-0.45994,-0.88962,0.084904,-0.44874,-43.89,0,0,0,1
-0.45193,0.02507,0.8917,258.3,0.087005,0.99608,0.016091,-0.4566,-0.8878,0.084855,-0.45234,-44.978,0,0,0,1
-0.45539,0.025926,0.88992,260.44,0.087604,0.99603,0.015812,-0.45159,-0.88597,0.085161,-0.45585,-46.074,0,0,0,1
-0.45889,0.027017,0.88808,262.59,0.089033,0.9959,0.015709,-0.44689,-0.88402,0.086277,-0.45942,-47.184,0,0,0,1
-0.4621,0.028997,0.88635,264.73,0.091215,0.99572,0.014979,-0.44432,-0.88212,0.08777,-0.46277,-48.3,0,0,0,1
-0.46497,0.029829,0.88482,266.89,0.092122,0.99564,0.014845,-0.44269,-0.88052,0.088414,-0.46569,-49.435,0,0,0,1
-0.46786,0.031908,0.88323,269.03,0.094028,0.99547,0.013845,-0.43949,-0.87879,0.089525,-0.46874,-50.568,0,0,0,1
-0.47049,0.034258,0.88174,271.17,0.095931,0.99531,0.012518,-0.43579,-0.87717,0.090476,-0.47157,-51.72,0,0,0,1
-0.47329,0.03502,0.88021,273.33,0.096778,0.99523,0.012441,-0.43127,-0.87558,0.091073,-0.47442,-52.888,0,0,0,1
-0.4765,0.036186,0.87843,275.49,0.097503,0.99516,0.011894,-0.42441,-0.87375,0.091317,-0.47772,-54.062,0,0,0,1
-0.47977,0.036259,0.87665,277.66,0.096483,0.99527,0.011638,-0.41824,-0.87208,0.090165,-0.48099,-55.253,0,0,0,1
-0.48305,0.037383,0.8748,279.83,0.097276,0.99519,0.011186,-0.41283,-0.87018,0.0905,-0.48436,-56.455,0,0,0,1
-0.48636,0.037698,0.87294,282.02,0.096347,0.99529,0.010698,-0.41058,-0.86843,0.089308,-0.4877,-57.674,0,0,0,1
-0.48915,0.037547,0.87139,284.19,0.09475,0.99545,0.010294,-0.40956,-0.86704,0.0876,-0.49048,-58.893,0,0,0,1
-0.49189,0.037805,0.86984,286.37,0.095876,0.99533,0.010958,-0.40796,-0.86536,0.088786,-0.49322,-60.13,0,0,0,1
-0.4939,0.037835,0.8687,288.57,0.097488,0.99516,0.012084,-0.40455,-0.86404,0.090655,-0.4952,-61.385,0,0,0,1
-0.49595,0.037755,0.86753,290.77,0.09816,0.99509,0.01281,-0.39867,-0.86278,0.09151,-0.49722,-62.649,0,0,0,1
-0.49816,0.037773,0.86626,292.98,0.09816,0.99508,0.013058,-0.39088,-0.86151,0.091537,-0.49942,-63.923,0,0,0,1
-0.50046,0.037101,0.86496,295.2,0.097556,0.99513,0.013761,-0.38215,-0.86025,0.091269,-0.50164,-65.206,0,0,0,1
-0.50302,0.037033,0.86348,297.42,0.098427,0.99504,0.014663,-0.3714,-0.85865,0.092366,-0.50417,-66.505,0,0,0,1
-0.50516,0.037057,0.86223,299.64,0.098928,0.99498,0.015197,-0.35871,-0.85734,0.092976,-0.50629,-67.809,0,0,0,1
-0.50713,0.037809,0.86104,301.88,0.098539,0.99503,0.014344,-0.34701,-0.85622,0.092121,-0.50833,-69.126,0,0,0,1
-0.50936,0.040042,0.85962,304.11,0.097944,0.99512,0.011682,-0.33725,-0.85496,0.090145,-0.5108,-70.452,0,0,0,1
-0.51267,0.039313,0.85769,306.36,0.096332,0.99528,0.011962,-0.3308,-0.85317,0.088755,-0.51403,-71.792,0,0,0,1
-0.51716,0.036906,0.85509,308.61,0.093604,0.99552,0.013645,-0.32334,-0.85076,0.087096,-0.51829,-73.144,0,0,0,1
-0.52206,0.034515,0.85221,310.87,0.091148,0.99572,0.01551,-0.31262,-0.84803,0.085774,-0.52297,-74.512,0,0,0,1
-0.52682,0.033094,0.84933,313.13,0.089794,0.99582,0.016895,-0.29719,-0.84522,0.085165,-0.52759,-75.9,0,0,0,1
-0.53117,0.033489,0.8466,315.39,0.090175,0.99578,0.017187,-0.27964,-0.84245,0.085472,-0.53195,-77.307,0,0,0,1
-0.53531,0.034674,0.84395,317.64,0.092385,0.99557,0.017696,-0.25784,-0.83959,0.087441,-0.53614,-78.73,0,0,0,1
-0.53903,0.035885,0.84152,319.9,0.093812,0.99543,0.017642,-0.23816,-0.83705,0.088454,-0.53993,-80.173,0,0,0,1
-0.54268,0.035836,0.83917,322.16,0.094209,0.99538,0.018417,-0.21979,-0.83464,0.089052,-0.54355,-81.632,0,0,0,1
-0.54662,0.034262,0.83668,324.41,0.094553,0.9953,0.021016,-0.20168,-0.83203,0.090599,-0.54729,-83.1,0,0,0,1
-0.55053,0.032886,0.83417,326.66,0.093089,0.99541,0.022193,-0.18254,-0.82961,0.08987,-0.55107,-84.58,0,0,0,1
-0.55429,0.032784,0.83168,328.91,0.092339,0.99548,0.0223,-0.16083,-0.82719,0.089157,-0.55481,-86.068,0,0,0,1
-0.55832,0.032214,0.829,331.15,0.091878,0.9955,0.023195,-0.13839,-0.82452,0.089118,-0.55877,-87.571,0,0,0,1
-0.5624,0.031727,0.82625,333.38,0.093174,0.99533,0.025201,-0.11256,-0.8216,0.091159,-0.56273,-89.087,0,0,0,1
-0.56627,0.032006,0.8236,335.61,0.093764,0.99526,0.02579,-0.084551,-0.81887,0.091828,-0.56658,-90.614,0,0,0,1
-0.56993,0.031059,0.8211,337.84,0.091971,0.99542,0.026185,-0.052428,-0.81653,0.090442,-0.57018,-92.152,0,0,0,1
-0.57346,0.029802,0.81869,340.06,0.091468,0.99542,0.027835,-0.015996,-0.81411,0.090846,-0.57356,-93.7,0,0,0,1
-0.57643,0.028832,0.81663,342.28,0.09162,0.99536,0.029529,0.023339,-0.81199,0.091842,-0.5764,-95.265,0,0,0,1
-0.57923,0.028336,0.81467,344.49,0.089605,0.99555,0.029081,0.063375,-0.81023,0.089843,-0.57919,-96.836,0,0,0,1
-0.58217,0.027385,0.8126,346.7,0.08553,0.99595,0.027711,0.10248,-0.80855,0.085635,-0.58216,-98.412,0,0,0,1
-0.58528,0.02656,0.81039,348.91,0.082437,0.99623,0.026887,0.1403,-0.80663,0.082543,-0.58527,-99.998,0,0,0,1
-0.58849,0.023609,0.80816,351.11,0.079753,0.99639,0.028967,0.17542,-0.80456,0.0815,-0.58825,-101.59,0,0,0,1
-0.59156,0.022714,0.80594,353.31,0.080133,0.99631,0.030738,0.21412,-0.80227,0.082766,-0.59119,-103.2,0,0,0,1
-0.59459,0.02268,0.80371,355.5,0.079393,0.99637,0.030619,0.25397,-0.8001,0.082015,-0.59424,-104.82,0,0,0,1
-0.59744,0.023082,0.80158,357.68,0.078135,0.9965,0.029541,0.29032,-0.7981,0.08028,-0.59716,-106.44,0,0,0,1
-0.60072,0.018767,0.79924,359.87,0.075114,0.99663,0.033055,0.32979,-0.79592,0.079891,-0.6001,-108.08,0,0,0,1
-0.60388,0.016234,0.79691,362.04,0.072426,0.99677,0.034576,0.38014,-0.79378,0.078597,-0.6031,-109.72,0,0,0,1
-0.60685,0.016342,0.79465,364.21,0.071943,0.99681,0.034441,0.43359,-0.79156,0.07807,-0.60609,-111.36,0,0,0,1
-0.60959,0.016055,0.79255,366.36,0.071263,0.99686,0.034619,0.48555,-0.78951,0.077583,-0.60882,-113.02,0,0,0,1
-0.61221,0.015809,0.79054,368.51,0.071086,0.99685,0.035116,0.53575,-0.7875,0.077695,-0.6114,-114.68,0,0,0,1
-0.61502,0.014284,0.78838,370.65,0.070431,0.99683,0.036882,0.58575,-0.78536,0.07821,-0.61408,-116.35,0,0,0,1
-0.6178,0.013598,0.78622,372.79,0.067866,0.99704,0.036083,0.63475,-0.7834,0.075649,-0.61689,-118.03,0,0,0,1
-0.62067,0.010858,0.784,374.93,0.058857,0.99773,0.032778,0.68064,-0.78186,0.066488,-0.6199,-119.71,0,0,0,1
-0.62399,0.011928,0.78134,377.04,0.049512,0.99848,0.024299,0.71418,-0.77986,0.053848,-0.62363,-121.37,0,0,0,1
-0.62663,0.022058,0.77901,379.15,0.059009,0.99807,0.019205,0.73224,-0.77708,0.058003,-0.62672,-123.07,0,0,0,1
-0.62748,0.023881,0.77827,381.25,0.066643,0.99751,0.023122,0.75145,-0.77578,0.066374,-0.6275,-124.79,0,0,0,1
-0.62934,0.013505,0.77701,383.35,0.065791,0.99719,0.035956,0.79126,-0.77434,0.073749,-0.62846,-126.5,0,0,0,1
-0.63228,0.003795,0.77473,385.46,0.060299,0.9972,0.044327,0.85812,-0.77239,0.074742,-0.63073,-128.21,0,0,0,1
-0.63548,-0.0021695,0.77211,387.56,0.054287,0.9974,0.047483,0.93757,-0.7702,0.072091,-0.63371,-129.91,0,0,0,1
-0.63828,-0.002563,0.7698,389.65,0.052811,0.99749,0.047109,1.0154,-0.76799,0.070722,-0.63654,-131.63,0,0,0,1
-0.64076,0.002181,0.76774,391.72,0.057985,0.99728,0.045561,1.0889,-0.76555,0.073711,-0.63914,-133.35,0,0,0,1
-0.64271,0.0092812,0.76605,393.78,0.063149,0.99717,0.040901,1.1549,-0.7635,0.074663,-0.64148,-135.08,0,0,0,1
-0.64513,0.012991,0.76397,395.84,0.06466,0.9972,0.037645,1.2141,-0.76134,0.073684,-0.64416,-136.82,0,0,0,1
-0.64801,0.012027,0.76154,397.89,0.064008,0.9972,0.038717,1.2729,-0.75894,0.073834,-0.64697,-138.57,0,0,0,1
-0.65085,0.011611,0.75912,399.94,0.064626,0.9971,0.040158,1.335,-0.75645,0.075196,-0.64971,-140.32,0,0,0,1
-0.65323,0.011211,0.75708,401.98,0.065226,0.99701,0.041515,1.3999,-0.75434,0.076499,-0.65201,-142.07,0,0,0,1
-0.65506,0.011688,0.75549,404.01,0.065882,0.99696,0.041701,1.464,-0.7527,0.07709,-0.65384,-143.84,0,0,0,1
-0.65646,0.011727,0.75427,406.04,0.066145,0.99692,0.042069,1.5306,-0.75146,0.077508,-0.65521,-145.61,0,0,0,1
-0.65767,0.012323,0.7532,408.06,0.066899,0.99687,0.042105,1.5968,-0.75033,0.078079,-0.65644,-147.39,0,0,0,1
-0.6587,0.012035,0.75231,410.09,0.068244,0.99671,0.043808,1.6652,-0.7493,0.080197,-0.65735,-149.17,0,0,0,1
-0.65977,0.011153,0.75138,412.1,0.069999,0.99645,0.046674,1.7395,-0.7482,0.083391,-0.65821,-150.94,0,0,0,1
-0.66089,0.010782,0.7504,414.12,0.071518,0.99625,0.048673,1.8208,-0.74706,0.085835,-0.65919,-152.73,0,0,0,1
-0.66198,0.011472,0.74943,416.13,0.070867,0.99636,0.047346,1.9021,-0.74616,0.084452,-0.66039,-154.51,0,0,0,1
-0.66345,0.011665,0.74813,418.14,0.067032,0.99678,0.043903,1.9804,-0.74521,0.079276,-0.6621,-156.29,0,0,0,1
-0.66473,0.011132,0.747,420.14,0.063973,0.99706,0.042069,2.0513,-0.74434,0.075752,-0.66349,-158.07,0,0,0,1
-0.6658,0.010008,0.74606,422.14,0.063062,0.99709,0.042902,2.1178,-0.74346,0.075612,-0.66449,-159.86,0,0,0,1
-0.66669,0.0086695,0.74529,424.14,0.061296,0.99718,0.043232,2.1863,-0.74281,0.074506,-0.66534,-161.65,0,0,0,1
-0.6676,0.0082854,0.74447,426.14,0.058522,0.99743,0.041378,2.2561,-0.74222,0.071192,-0.66637,-163.44,0,0,0,1
-0.66845,0.0069913,0.74372,428.13,0.057252,0.99747,0.042081,2.3254,-0.74155,0.070709,-0.66716,-165.24,0,0,0,1
-0.6689,0.0055166,0.74333,430.11,0.057773,0.99733,0.044586,2.3969,-0.7411,0.072768,-0.66743,-167.03,0,0,0,1
-0.66886,0.0047826,0.74338,432.1,0.059628,0.9971,0.047236,2.4718,-0.741,0.07592,-0.6672,-168.83,0,0,0,1
-0.66796,0.0033179,0.74419,434.07,0.064136,0.99653,0.053123,2.5493,-0.74143,0.083214,-0.66585,-170.63,0,0,0,1
-0.66647,0.002245,0.74553,436.05,0.068076,0.996,0.057857,2.6506,-0.74242,0.089313,-0.66395,-172.42,0,0,0,1
-0.6647,0.00045257,0.74711,438.04,0.063876,0.99637,0.056227,2.7556,-0.74438,0.085097,-0.66232,-174.2,0,0,0,1
-0.66402,0.00073324,0.74771,440.03,0.05668,0.99717,0.049358,2.8439,-0.74556,0.075155,-0.66219,-175.97,0,0,0,1
-0.66233,-0.0016851,0.74921,442.03,0.051146,0.99756,0.047459,2.9219,-0.74746,0.069752,-0.66063,-177.75,0,0,0,1
-0.65993,-0.0024894,0.75132,444.04,0.049419,0.99769,0.046713,3.0069,-0.7497,0.067957,-0.65828,-179.52,0,0,0,1
-0.65714,-0.0023847,0.75377,446.05,0.051181,0.99755,0.047776,3.0987,-0.75203,0.069974,-0.6554,-181.29,0,0,0,1
-0.65423,-0.0020311,0.75629,448.05,0.052113,0.9975,0.04776,3.1926,-0.75449,0.070659,-0.65249,-183.04,0,0,0,1
-0.65181,-0.00074873,0.75838,450.06,0.050353,0.99775,0.044263,3.278,-0.75671,0.067038,-0.65031,-184.79,0,0,0,1
-0.65029,-0.0056947,0.75967,452.09,0.043404,0.99806,0.044636,3.3589,-0.75845,0.061999,-0.64878,-186.53,0,0,0,1
-0.64938,-0.0125,0.76036,454.13,0.034516,0.99835,0.04589,3.437,-0.75968,0.056045,-0.64788,-188.27,0,0,0,1
-0.64878,-0.015411,0.76082,456.16,0.027664,0.99866,0.043819,3.5168,-0.76048,0.049476,-0.64748,-189.99,0,0,0,1
-0.64822,-0.016484,0.76127,458.19,0.025354,0.99874,0.043215,3.5935,-0.76103,0.047314,-0.64699,-191.72,0,0,0,1
-0.64711,-0.016511,0.76221,460.22,0.027166,0.99863,0.044695,3.6695,-0.76191,0.049629,-0.64578,-193.45,0,0,0,1
-0.64577,-0.017503,0.76333,462.25,0.02916,0.99844,0.047563,3.7508,-0.76297,0.052973,-0.64426,-195.18,0,0,0,1
-0.64442,-0.019387,0.76442,464.28,0.027908,0.99842,0.048848,3.8359,-0.76416,0.052812,-0.64286,-196.91,0,0,0,1
-0.64348,-0.020022,0.7652,466.31,0.025511,0.99854,0.04758,3.922,-0.76504,0.050137,-0.64203,-198.62,0,0,0,1
-0.64258,-0.018924,0.76599,468.35,0.024706,0.99866,0.045398,4.0042,-0.76582,0.048096,-0.64125,-200.34,0,0,0,1
-0.64151,-0.01755,0.76691,470.38,0.025115,0.99872,0.043863,4.0795,-0.7667,0.0474,-0.64025,-202.05,0,0,0,1
-0.64035,-0.017039,0.76789,472.43,0.027277,0.99862,0.044905,4.1541,-0.7676,0.049701,-0.639,-203.77,0,0,0,1
-0.6391,-0.017028,0.76893,474.47,0.028976,0.99851,0.046195,4.2302,-0.76858,0.051803,-0.63766,-205.48,0,0,0,1
-0.6382,-0.017577,0.76967,476.51,0.029117,0.99847,0.046946,4.3097,-0.76932,0.052371,-0.63672,-207.19,0,0,0,1
-0.63726,-0.017573,0.77045,478.56,0.028938,0.99849,0.04671,4.3895,-0.7701,0.052062,-0.63579,-208.89,0,0,0,1
-0.63647,-0.018718,0.77108,480.61,0.028565,0.99845,0.047815,4.4714,-0.77078,0.052459,-0.63494,-210.59,0,0,0,1
-0.63573,-0.019917,0.77166,482.65,0.028043,0.99841,0.048873,4.5556,-0.7714,0.052709,-0.63416,-212.29,0,0,0,1
-0.6352,-0.019121,0.77211,484.71,0.027615,0.99849,0.047446,4.6401,-0.77185,0.05146,-0.63372,-213.98,0,0,0,1
-0.63478,-0.01786,0.77248,486.76,0.027693,0.99856,0.045843,4.7208,-0.77219,0.050493,-0.63338,-215.68,0,0,0,1
-0.63422,-0.018267,0.77293,488.81,0.028109,0.99852,0.046663,4.7998,-0.77264,0.051322,-0.63277,-217.37,0,0,0,1
-0.63377,-0.019642,0.77328,490.86,0.027666,0.99846,0.048037,4.8809,-0.77303,0.051837,-0.63225,-219.07,0,0,0,1
-0.63365,-0.020853,0.77334,492.92,0.02629,0.99848,0.048465,4.9608,-0.77318,0.051041,-0.63213,-220.76,0,0,0,1
-0.63379,-0.021277,0.77321,494.97,0.025666,0.99849,0.048514,5.038,-0.77308,0.050593,-0.63229,-222.45,0,0,0,1
-0.63398,-0.020927,0.77306,497.02,0.025863,0.9985,0.04824,5.1167,-0.77291,0.050577,-0.63249,-224.14,0,0,0,1
-0.63419,-0.020496,0.7729,499.07,0.026333,0.9985,0.048086,5.1936,-0.77272,0.050849,-0.6327,-225.83,0,0,0,1
-0.63441,-0.022001,0.77268,501.13,0.026082,0.99842,0.049843,5.2677,-0.77255,0.051773,-0.63283,-227.53,0,0,0,1
-0.63466,-0.023733,0.77242,503.19,0.024896,0.99838,0.051132,5.3491,-0.77239,0.051681,-0.63305,-229.22,0,0,0,1
-0.63493,-0.024082,0.7722,505.24,0.02463,0.99838,0.051387,5.4328,-0.77218,0.051646,-0.6333,-230.91,0,0,0,1
-0.63499,-0.024113,0.77214,507.29,0.023972,0.99842,0.050893,5.5193,-0.77215,0.050826,-0.63341,-232.61,0,0,0,1
-0.63508,-0.02372,0.77208,509.34,0.02397,0.99844,0.050391,5.6052,-0.77208,0.050509,-0.63352,-234.3,0,0,0,1
-0.63487,-0.022892,0.77228,511.39,0.025007,0.99843,0.050154,5.6893,-0.77221,0.051154,-0.6333,-236,0,0,0,1
-0.63461,-0.023069,0.77249,513.45,0.024908,0.99842,0.050279,5.7733,-0.77243,0.051149,-0.63304,-237.69,0,0,0,1
-0.63463,-0.023177,0.77247,515.5,0.02483,0.99842,0.050356,5.8576,-0.77242,0.051138,-0.63305,-239.38,0,0,0,1
-0.63452,-0.022927,0.77257,517.55,0.024433,0.99847,0.049698,5.9425,-0.77252,0.050411,-0.63298,-241.08,0,0,0,1
-0.63445,-0.024043,0.77259,519.6,0.02356,0.99845,0.050418,6.027,-0.77261,0.05019,-0.6329,-242.77,0,0,0,1
-0.63423,-0.024356,0.77276,521.66,0.024027,0.9984,0.051187,6.1154,-0.77277,0.051031,-0.63263,-244.46,0,0,0,1
-0.63399,-0.025759,0.77291,523.71,0.023904,0.99831,0.052879,6.2066,-0.77297,0.052001,-0.63231,-246.16,0,0,0,1
-0.63377,-0.024906,0.77312,525.76,0.02433,0.99835,0.052107,6.2997,-0.77314,0.051835,-0.63212,-247.85,0,0,0,1
-0.63358,-0.024083,0.77331,527.82,0.025508,0.99832,0.05199,6.3929,-0.77326,0.052665,-0.6319,-249.54,0,0,0,1
-0.63328,-0.024302,0.77354,529.87,0.025982,0.99828,0.052634,6.4868,-0.77349,0.05343,-0.63156,-251.22,0,0,0,1
-0.63305,-0.025231,0.7737,531.93,0.025432,0.99825,0.053363,6.5824,-0.7737,0.053458,-0.6313,-252.92,0,0,0,1
-0.63317,-0.025086,0.77361,533.98,0.02469,0.99831,0.052581,6.6774,-0.77362,0.052393,-0.63148,-254.6,0,0,0,1
-0.63335,-0.024992,0.77346,536.04,0.024644,0.99832,0.052437,6.7714,-0.77347,0.052272,-0.63167,-256.29,0,0,0,1
-0.63342,-0.026222,0.77336,538.1,0.024291,0.99826,0.053743,6.866,-0.77343,0.052828,-0.63168,-257.98,0,0,0,1
-0.63358,-0.027976,0.77317,540.15,0.023918,0.99816,0.055716,6.9649,-0.77331,0.053793,-0.63174,-259.67,0,0,0,1
-0.63387,-0.029307,0.77288,542.21,0.0228,0.99814,0.056548,7.0668,-0.7731,0.053465,-0.63202,-261.37,0,0,0,1
-0.63415,-0.027558,0.77272,544.27,0.022603,0.99828,0.054151,7.1687,-0.77288,0.051806,-0.63243,-263.05,0,0,0,1
-0.6344,-0.02557,0.77259,546.33,0.022119,0.99844,0.051208,7.2653,-0.77269,0.049575,-0.63284,-264.75,0,0,0,1
-0.63446,-0.025245,0.77255,548.38,0.022369,0.99845,0.050997,7.3571,-0.77264,0.049637,-0.63291,-266.44,0,0,0,1
-0.63436,-0.027229,0.77256,550.44,0.022868,0.99828,0.053962,7.4509,-0.7727,0.051898,-0.63265,-268.13,0,0,0,1
-0.63438,-0.028258,0.77251,552.5,0.023585,0.99816,0.05588,7.5514,-0.77266,0.053668,-0.63254,-269.83,0,0,0,1
-0.63439,-0.02726,0.77254,554.55,0.024454,0.99817,0.055302,7.6545,-0.77263,0.053974,-0.63256,-271.53,0,0,0,1
-0.63444,-0.026439,0.77252,556.61,0.02466,0.99821,0.054416,7.7572,-0.77258,0.053574,-0.63266,-273.22,0,0,0,1
-0.63443,-0.025821,0.77255,558.66,0.025238,0.99822,0.054089,7.8574,-0.77257,0.053813,-0.63265,-274.91,0,0,0,1
-0.63433,-0.025488,0.77264,560.72,0.026401,0.99816,0.054602,7.9576,-0.77261,0.055034,-0.63249,-276.61,0,0,0,1
-0.63418,-0.025864,0.77275,562.78,0.027258,0.99807,0.055776,8.058,-0.7727,0.056436,-0.63225,-278.31,0,0,0,1
-0.63396,-0.027113,0.77289,564.84,0.026515,0.99804,0.05676,8.1618,-0.77291,0.056477,-0.632,-280.01,0,0,0,1
-0.63389,-0.027268,0.77294,566.9,0.026729,0.99801,0.057128,8.2679,-0.77296,0.056873,-0.6319,-281.7,0,0,0,1
-0.63359,-0.026592,0.77322,568.95,0.027707,0.99799,0.057027,8.374,-0.77318,0.057555,-0.63157,-283.39,0,0,0,1
-0.63321,-0.027775,0.77348,571.01,0.028175,0.99787,0.058898,8.4834,-0.77347,0.059088,-0.63108,-285.09,0,0,0,1
-0.6328,-0.028644,0.77378,573.08,0.026913,0.9979,0.05895,8.5939,-0.77384,0.058129,-0.6307,-286.79,0,0,0,1
-0.63258,-0.03044,0.7739,575.14,0.02506,0.9979,0.059735,8.7051,-0.77409,0.057181,-0.63049,-288.48,0,0,0,1
-0.63227,-0.029394,0.77419,577.2,0.02523,0.99797,0.058495,8.8169,-0.77433,0.056518,-0.63025,-290.17,0,0,0,1
-0.63172,-0.02793,0.77469,579.25,0.026536,0.99799,0.057618,8.9249,-0.77474,0.056956,-0.62971,-291.85,0,0,0,1
-0.63092,-0.026856,0.77538,581.31,0.028001,0.99796,0.057349,9.0316,-0.77534,0.057894,-0.62888,-293.54,0,0,0,1
-0.63024,-0.027075,0.77593,583.37,0.028432,0.99792,0.057915,9.1373,-0.77588,0.058562,-0.62816,-295.23,0,0,0,1
-0.62968,-0.028679,0.77633,585.44,0.028197,0.99782,0.059733,9.2455,-0.77634,0.059502,-0.6275,-296.91,0,0,0,1
-0.62911,-0.027334,0.77683,587.52,0.028646,0.99789,0.058311,9.3532,-0.77679,0.058938,-0.627,-298.61,0,0,0,1
-0.62844,-0.027626,0.77737,589.55,0.027925,0.99792,0.058039,9.4566,-0.77736,0.058182,-0.62636,-300.26,0,0,0,1
-0.62795,-0.028104,0.77775,591.61,0.0273,0.99794,0.058103,9.5613,-0.77777,0.057718,-0.62589,-301.94,0,0,0,1
-0.62729,-0.028484,0.77827,593.67,0.026916,0.99794,0.058219,9.6668,-0.77832,0.057468,-0.62523,-303.61,0,0,0,1
-0.62675,-0.029296,0.77867,595.74,0.026269,0.99793,0.058689,9.7758,-0.77878,0.057239,-0.62468,-305.28,0,0,0,1
-0.62633,-0.030209,0.77897,597.8,0.025046,0.99795,0.058839,9.8837,-0.77916,0.056363,-0.62429,-306.95,0,0,0,1
-0.62593,-0.030963,0.77927,599.87,0.023471,0.99801,0.058507,9.9922,-0.77953,0.054911,-0.62396,-308.61,0,0,0,1
-0.62609,-0.030383,0.77916,601.93,0.022468,0.99812,0.056976,10.099,-0.77943,0.053178,-0.62423,-310.28,0,0,0,1
-0.62626,-0.031135,0.77899,604,0.022811,0.99804,0.05823,10.207,-0.77928,0.054237,-0.62433,-311.95,0,0,0,1
-0.6264,-0.03193,0.77885,606.07,0.023491,0.99793,0.059805,10.317,-0.77915,0.055758,-0.62435,-313.62,0,0,0,1
-0.62651,-0.033128,0.77871,608.13,0.022449,0.99791,0.060516,10.43,-0.77909,0.055395,-0.62446,-315.29,0,0,0,1
-0.6267,-0.032647,0.77858,610.2,0.021518,0.99802,0.059169,10.542,-0.77896,0.053835,-0.62475,-316.96,0,0,0,1
-0.62679,-0.03057,0.77859,612.27,0.022021,0.99814,0.056918,10.651,-0.77888,0.052821,-0.62495,-318.64,0,0,0,1
-0.62661,-0.029154,0.77879,614.33,0.02265,0.9982,0.055592,10.756,-0.77901,0.052473,-0.62482,-320.3,0,0,0,1
-0.6265,-0.028756,0.77889,616.4,0.023099,0.9982,0.055432,10.859,-0.77908,0.05272,-0.62471,-321.98,0,0,0,1
-0.62653,-0.030152,0.77881,618.47,0.022949,0.9981,0.057104,10.961,-0.77906,0.053651,-0.62465,-323.65,0,0,0,1
-0.62649,-0.030689,0.77882,620.53,0.023684,0.99801,0.058377,11.068,-0.77907,0.055019,-0.62452,-325.32,0,0,0,1
-0.62636,-0.030725,0.77893,622.61,0.024069,0.99798,0.058721,11.177,-0.77916,0.055528,-0.62436,-326.99,0,0,0,1
-0.62615,-0.030476,0.77911,624.68,0.023732,0.99803,0.058113,11.287,-0.77934,0.054877,-0.62419,-328.66,0,0,0,1
-0.62591,-0.03014,0.77931,626.75,0.023631,0.99806,0.057579,11.396,-0.77954,0.054456,-0.62398,-330.33,0,0,0,1
-0.62562,-0.030382,0.77954,628.81,0.023904,0.99803,0.058081,11.505,-0.77976,0.054971,-0.62366,-331.99,0,0,0,1
-0.62523,-0.030313,0.77985,630.89,0.023804,0.99804,0.057879,11.612,-0.78008,0.054752,-0.62328,-333.67,0,0,0,1
-0.62496,-0.031212,0.78003,632.96,0.023253,0.99801,0.058564,11.722,-0.78031,0.054738,-0.623,-335.33,0,0,0,1
-0.62461,-0.031735,0.78029,635.03,0.022672,0.99802,0.058738,11.832,-0.78061,0.054379,-0.62265,-337,0,0,0,1
-0.62426,-0.030236,0.78063,637.1,0.022957,0.99811,0.057018,11.941,-0.78088,0.053515,-0.62238,-338.66,0,0,0,1
-0.62378,-0.030437,0.78101,639.17,0.022878,0.9981,0.05717,12.048,-0.78126,0.053529,-0.6219,-340.32,0,0,0,1
-0.62342,-0.031019,0.78127,641.24,0.023212,0.99804,0.058147,12.156,-0.78154,0.054385,-0.62148,-341.99,0,0,0,1
-0.62307,-0.031224,0.78154,643.3,0.023805,0.99798,0.05885,12.266,-0.7818,0.055272,-0.62107,-343.65,0,0,0,1
-0.62263,-0.030361,0.78192,645.38,0.02388,0.99804,0.057768,12.377,-0.78215,0.05464,-0.62069,-345.31,0,0,0,1
-0.62223,-0.028987,0.7823,647.45,0.024292,0.99812,0.056304,12.482,-0.78246,0.054037,-0.62035,-346.97,0,0,0,1
-0.62166,-0.028497,0.78276,649.52,0.02498,0.99811,0.056175,12.586,-0.78288,0.054475,-0.61978,-348.62,0,0,0,1
-0.62103,-0.029434,0.78323,651.59,0.025796,0.99799,0.057959,12.692,-0.78336,0.056198,-0.61902,-350.28,0,0,0,1
-0.62058,-0.030139,0.78356,653.66,0.025828,0.99793,0.058841,12.8,-0.78372,0.056754,-0.61852,-351.94,0,0,0,1
-0.62012,-0.03024,0.78393,655.74,0.025845,0.99793,0.058939,12.91,-0.78408,0.05681,-0.61805,-353.59,0,0,0,1
-0.61975,-0.030954,0.78419,657.81,0.025267,0.99792,0.059359,13.02,-0.78439,0.056602,-0.61768,-355.23,0,0,0,1
-0.61923,-0.030372,0.78463,659.88,0.025313,0.99796,0.058608,13.13,-0.78481,0.056153,-0.61719,-356.88,0,0,0,1
-0.61872,-0.029382,0.78506,661.96,0.025264,0.99804,0.057264,13.239,-0.78521,0.055264,-0.61676,-358.53,0,0,0,1
-0.6183,-0.028958,0.78541,664.04,0.025211,0.99808,0.056646,13.347,-0.78553,0.054825,-0.61638,-360.18,0,0,0,1
-0.61815,-0.028999,0.78553,666.11,0.024862,0.9981,0.056411,13.452,-0.78567,0.0544,-0.61625,-361.83,0,0,0,1
-0.61812,-0.029591,0.78553,668.19,0.0243,0.99809,0.05672,13.558,-0.78571,0.054148,-0.61622,-363.48,0,0,0,1
-0.61826,-0.029618,0.78542,670.27,0.023731,0.99813,0.056321,13.664,-0.78562,0.05346,-0.6164,-365.12,0,0,0,1
-0.61853,-0.030301,0.78518,672.35,0.022982,0.99813,0.056623,13.769,-0.78543,0.053068,-0.61667,-366.77,0,0,0,1
-0.61888,-0.030622,0.78489,674.43,0.021938,0.99818,0.056241,13.874,-0.78518,0.052025,-0.61708,-368.42,0,0,0,1
-0.61925,-0.030599,0.7846,676.51,0.021575,0.9982,0.055957,13.979,-0.7849,0.051578,-0.61747,-370.07,0,0,0,1
-0.61959,-0.030909,0.78432,678.59,0.021927,0.99815,0.056658,14.083,-0.78462,0.052302,-0.61777,-371.72,0,0,0,1
-0.61993,-0.031246,0.78404,680.67,0.022298,0.9981,0.057408,14.188,-0.78434,0.053071,-0.61805,-373.37,0,0,0,1
-0.62033,-0.031065,0.78373,682.74,0.023676,0.99802,0.058299,14.297,-0.78399,0.054721,-0.61836,-375.03,0,0,0,1
