1,-1.1976e-11,-1.7046e-10,1.1976e-11,1,-3.5625e-10,1.7046e-10,3.5625e-10,1
0.99993,-0.0030924,0.011694,0.0030792,0.99999,0.001146,-0.011698,-0.0011099,0.99993
0.99981,-0.0051677,0.018566,0.0051412,0.99999,0.0014731,-0.018573,-0.0013773,0.99983
0.99975,-0.0080102,0.020671,0.0080083,0.99997,0.00017444,-0.020672,-8.858e-06,0.99979
0.99977,-0.0094631,0.018994,0.0094963,0.99995,-0.0016626,-0.018977,0.0018426,0.99982
0.99985,-0.011858,0.01254,0.011895,0.99993,-0.0028753,-0.012505,0.003024,0.99992
0.9999,-0.014051,0.00050416,0.014053,0.99989,-0.0050948,-0.00043252,0.0051014,0.99999
0.99979,-0.013426,-0.015559,0.013345,0.9999,-0.0052898,0.015628,0.0050811,0.99986
0.99936,-0.0088489,-0.034654,0.0086792,0.99995,-0.0050447,0.034697,0.0047407,0.99939
0.99852,-0.0051968,-0.054145,0.004866,0.99997,-0.00624,0.054176,0.0059673,0.99851
0.99724,-0.004508,-0.074154,0.0040126,0.99997,-0.0068277,0.074182,0.0065113,0.99722
0.99546,-0.0059497,-0.095032,0.005379,0.99997,-0.0062603,0.095066,0.0057207,0.99545
0.99334,-0.0073291,-0.11501,0.006752,0.99996,-0.005407,0.11504,0.0045944,0.99335
0.99109,-0.0062601,-0.13308,0.0056573,0.99997,-0.0049072,0.13311,0.0041105,0.99109
0.98885,-0.0047313,-0.14882,0.0042111,0.99998,-0.0038103,0.14884,0.0031411,0.98886
0.98668,-0.0037592,-0.1626,0.0031539,0.99999,-0.0039808,0.16261,0.0034149,0.98668
0.98458,-0.0048843,-0.17486,0.0041431,0.99998,-0.0046039,0.17487,0.0038085,0.98458
0.98272,-0.0084321,-0.1849,0.0072896,0.99995,-0.0068581,0.18494,0.0053918,0.98273
0.9812,-0.008176,-0.1928,0.0065687,0.99994,-0.0089746,0.19286,0.0075395,0.9812
0.97974,-0.0072361,-0.20014,0.0052155,0.99993,-0.010621,0.20021,0.0093623,0.97971
0.97803,-0.007866,-0.20831,0.0052075,0.9999,-0.013308,0.20839,0.011931,0.97797
0.97631,-0.011497,-0.21609,0.0084876,0.99985,-0.014851,0.21623,0.012665,0.97626
0.97444,-0.017942,-0.22391,0.014605,0.99976,-0.016551,0.22415,0.012858,0.97447
0.97239,-0.018823,-0.2326,0.015119,0.99973,-0.017697,0.23287,0.013691,0.97241
0.97038,-0.014776,-0.24113,0.0096277,0.9997,-0.022517,0.24139,0.019529,0.97023
0.96822,-0.011757,-0.24983,0.00541,0.99965,-0.026077,0.25005,0.023897,0.96794
0.966,-0.013826,-0.25818,0.0069357,0.9996,-0.02758,0.25845,0.024851,0.9657
0.96361,-0.017017,-0.26677,0.0093628,0.99951,-0.029938,0.26715,0.02635,0.9633
0.96139,-0.016601,-0.27467,0.0079917,0.99944,-0.032434,0.27506,0.028987,0.96099
0.95913,-0.015491,-0.28255,0.0056038,0.99934,-0.035767,0.28292,0.032721,0.95859
0.95679,-0.016427,-0.2903,0.0047817,0.99916,-0.040779,0.29072,0.037629,0.95607
0.955,-0.017963,-0.29607,0.0038634,0.99883,-0.04814,0.29659,0.044829,0.95395
0.95371,-0.018483,-0.30016,0.0016193,0.99841,-0.056334,0.30072,0.05324,0.95222
0.95247,-0.018583,-0.30406,-0.0012164,0.9979,-0.064798,0.30463,0.062088,0.95045
0.95117,-0.017984,-0.30813,-0.0050451,0.99726,-0.073779,0.30862,0.071731,0.94848
0.94984,-0.017656,-0.31225,-0.0080481,0.99669,-0.080841,0.31264,0.079299,0.94656
0.94819,-0.015381,-0.31732,-0.013007,0.99611,-0.08715,0.31743,0.086763,0.9443
0.94658,-0.014435,-0.32214,-0.016496,0.99552,-0.093084,0.32204,0.093425,0.94211
0.94491,-0.012224,-0.32711,-0.02115,0.99493,-0.098274,0.32666,0.099778,0.93986
0.94318,-0.00961,-0.33214,-0.025631,0.9945,-0.10156,0.33129,0.1043,0.93775
0.94141,-0.0080758,-0.33716,-0.028263,0.99431,-0.10273,0.33607,0.10624,0.93583
0.93919,-0.0079459,-0.3433,-0.028869,0.99437,-0.10199,0.34218,0.1057,0.93367
0.93687,-0.0075193,-0.3496,-0.02947,0.99451,-0.10036,0.34844,0.10433,0.93151
0.93429,-0.007529,-0.35644,-0.029507,0.99471,-0.098355,0.3553,0.10241,0.92913
0.9311,-0.0069488,-0.3647,-0.030037,0.99496,-0.095645,0.36353,0.10001,0.9262
0.92774,-0.0050772,-0.37319,-0.0307,0.99548,-0.089863,0.37196,0.094826,0.92339
0.92429,-0.0015243,-0.3817,-0.033175,0.99589,-0.084311,0.38026,0.09059,0.92043
0.92062,0.0022475,-0.39044,-0.036488,0.9961,-0.0803,0.38874,0.088173,0.91712
0.9168,0.0034866,-0.39933,-0.037965,0.99619,-0.078463,0.39754,0.087096,0.91344
0.91277,0.0032359,-0.40846,-0.038286,0.99624,-0.077665,0.40667,0.086529,0.90947
0.90886,0.0032685,-0.41708,-0.038753,0.99631,-0.07664,0.41529,0.085818,0.90563
0.90488,0.0046082,-0.42564,-0.040217,0.99639,-0.074712,0.42376,0.084723,0.90181
0.90112,0.0035612,-0.43355,-0.038823,0.99661,-0.072507,0.43182,0.082169,0.89821
0.8972,0.0040034,-0.4416,-0.038201,0.99691,-0.068576,0.43997,0.078396,0.89459
0.89345,0.0062863,-0.44911,-0.038637,0.99727,-0.062904,0.44749,0.073554,0.89126
0.88963,0.0065242,-0.45664,-0.037327,0.99759,-0.058466,0.45516,0.069058,0.88773
0.88583,0.0058493,-0.46397,-0.036145,0.99775,-0.05643,0.4626,0.066758,0.88405
0.88256,0.0047645,-0.47017,-0.034988,0.99784,-0.055565,0.46889,0.06549,0.88083
0.87936,0.0053983,-0.47613,-0.035228,0.99793,-0.053748,0.47486,0.064037,0.87773
0.87641,0.0044446,-0.48155,-0.033656,0.99808,-0.052041,0.4804,0.061816,0.87487
0.87374,0.0031557,-0.48639,-0.032466,0.99813,-0.051845,0.48531,0.06109,0.8722
0.8716,0.0021672,-0.49021,-0.031967,0.99811,-0.052425,0.48917,0.061365,0.87003
0.87019,0.0023195,-0.49271,-0.032656,0.99806,-0.052976,0.49163,0.062189,0.86858
0.86975,0.0025252,-0.49349,-0.0323,0.99813,-0.051819,0.49244,0.061009,0.86821
0.86963,0.0029752,-0.49369,-0.031951,0.99822,-0.050266,0.49266,0.059486,0.86819
0.86941,0.0018739,-0.49408,-0.030375,0.9983,-0.049664,0.49315,0.058186,0.868
0.86877,1.9666e-05,-0.49521,-0.028581,0.99834,-0.050102,0.49438,0.057681,0.86733
0.86769,-0.0025801,-0.49709,-0.026124,0.99837,-0.050782,0.49641,0.05705,0.86621
0.86611,-0.0031528,-0.49985,-0.024701,0.99849,-0.049099,0.49925,0.054872,0.86472
0.86403,-0.0021355,-0.50344,-0.023648,0.99872,-0.044821,0.50289,0.050632,0.86287
0.86121,-0.0025156,-0.50824,-0.021127,0.99895,-0.040744,0.50781,0.045827,0.86025
0.85732,-0.0023227,-0.51478,-0.020298,0.99906,-0.038312,0.51439,0.043295,0.85646
0.85208,-0.0058049,-0.52338,-0.018162,0.99901,-0.040649,0.52309,0.044142,0.85113
0.84598,-0.0098219,-0.53313,-0.016172,0.9989,-0.044065,0.53297,0.0459,0.84489
0.8398,-0.010335,-0.54279,-0.016018,0.99891,-0.043803,0.54265,0.04548,0.83872
0.83395,-0.006908,-0.5518,-0.017276,0.9991,-0.038618,0.55157,0.041738,0.83308
0.82871,-0.0016058,-0.55967,-0.020506,0.99924,-0.033231,0.5593,0.039016,0.82805
0.82447,-0.0014208,-0.5659,-0.021837,0.99917,-0.034324,0.56548,0.040657,0.82376
0.82088,-0.0043066,-0.57108,-0.022232,0.99897,-0.03949,0.57066,0.045113,0.81994
0.81796,-0.0064124,-0.57523,-0.024971,0.9986,-0.046641,0.57473,0.052515,0.81666
0.81458,-0.0069331,-0.58001,-0.024922,0.99859,-0.046938,0.57952,0.052689,0.81326
0.81111,-0.006174,-0.58486,-0.024361,0.99872,-0.044327,0.58439,0.050202,0.80992
0.80786,-0.0027997,-0.58936,-0.024392,0.99897,-0.03818,0.58887,0.04522,0.80696
0.80476,-0.0010724,-0.59359,-0.024556,0.99908,-0.035097,0.59309,0.042821,0.804
0.80164,-0.00071681,-0.59781,-0.025577,0.99904,-0.035495,0.59726,0.043744,0.80085
0.79809,-0.0019066,-0.60253,-0.025694,0.99898,-0.037195,0.60198,0.045166,0.79723
0.79404,-0.0044901,-0.60784,-0.024692,0.99891,-0.039634,0.60736,0.04648,0.79307
0.78964,-0.005884,-0.61355,-0.023815,0.99891,-0.04023,0.61311,0.046379,0.78863
0.78512,-0.0056983,-0.61931,-0.023557,0.99896,-0.039055,0.61889,0.045252,0.78417
0.78015,-0.0052308,-0.62557,-0.023932,0.99898,-0.0382,0.62513,0.044773,0.77923
0.77476,-0.0065275,-0.63222,-0.023672,0.99895,-0.039322,0.63182,0.045431,0.77379
0.76922,-0.0081087,-0.63893,-0.022994,0.99892,-0.040361,0.63857,0.045738,0.76821
0.76355,-0.0091275,-0.64569,-0.02273,0.9989,-0.041,0.64535,0.045982,0.7625
0.75781,-0.01051,-0.65239,-0.022248,0.99887,-0.041935,0.6521,0.046294,0.75672
0.7516,-0.012532,-0.6595,-0.021424,0.99883,-0.043396,0.65927,0.046746,0.75045
0.74534,-0.013218,-0.66655,-0.020636,0.99887,-0.042882,0.66636,0.045717,0.74422
0.73904,-0.013537,-0.67353,-0.019664,0.99894,-0.041653,0.67338,0.044027,0.73798
0.73254,-0.013498,-0.68059,-0.019273,0.99899,-0.040557,0.68045,0.042827,0.73154
0.72608,-0.015436,-0.68744,-0.017872,0.99899,-0.041308,0.68738,0.042279,0.72506
0.71949,-0.017082,-0.69429,-0.017756,0.99892,-0.042977,0.69427,0.043249,0.71841
0.71338,-0.016443,-0.70058,-0.019198,0.99889,-0.042993,0.70051,0.04412,0.71228
0.70788,-0.015589,-0.70616,-0.019722,0.99893,-0.041821,0.70606,0.043531,0.70681
0.70284,-0.015036,-0.71119,-0.02088,0.99891,-0.041754,0.71104,0.044196,0.70176
0.6979,-0.016097,-0.71602,-0.020792,0.99887,-0.042723,0.71589,0.044704,0.69678
0.69265,-0.017803,-0.72106,-0.02147,0.99874,-0.045283,0.72096,0.046846,0.6914
0.68753,-0.020307,-0.72587,-0.021128,0.99863,-0.04795,0.72585,0.048303,0.68616
0.68242,-0.021144,-0.73066,-0.021541,0.99857,-0.049015,0.73065,0.049188,0.68098
0.67742,-0.020292,-0.73532,-0.021425,0.99865,-0.047297,0.73529,0.047794,0.67607
0.67224,-0.020046,-0.74006,-0.020989,0.99872,-0.046118,0.74003,0.046536,0.67096
0.66712,-0.021242,-0.74465,-0.019933,0.99873,-0.046347,0.74469,0.045762,0.66584
0.66221,-0.022165,-0.74899,-0.019129,0.99874,-0.046468,0.74907,0.045099,0.66095
0.65769,-0.023239,-0.75293,-0.018008,0.99875,-0.046556,0.75307,0.044178,0.65645
0.6538,-0.023826,-0.75629,-0.017103,0.99878,-0.04625,0.75648,0.043173,0.6526
0.64982,-0.02593,-0.75965,-0.014553,0.99881,-0.046542,0.75995,0.041299,0.64867
0.64551,-0.030669,-0.76314,-0.011169,0.99871,-0.049584,0.76367,0.040531,0.64433
0.64046,-0.035489,-0.76717,-0.0068587,0.99863,-0.051922,0.76796,0.038516,0.63933
0.63396,-0.039357,-0.77236,-0.001638,0.99863,-0.052232,0.77336,0.034378,0.63303
0.6255,-0.042666,-0.77905,0.0029372,0.99863,-0.052333,0.78022,0.030446,0.62477
0.6163,-0.044267,-0.78627,0.0063105,0.99866,-0.051279,0.78749,0.026641,0.61575
0.60734,-0.042489,-0.7933,0.0066899,0.99881,-0.048374,0.79441,0.024073,0.6069
0.5982,-0.04204,-0.80024,0.0063204,0.99884,-0.047748,0.80132,0.023505,0.59777
0.58856,-0.043998,-0.80725,0.005492,0.99871,-0.050429,0.80843,0.025247,0.58805
0.57848,-0.045773,-0.81441,0.0061903,0.99864,-0.05173,0.81568,0.024883,0.57797
0.5685,-0.047446,-0.82131,0.0064313,0.99856,-0.053233,0.82266,0.024981,0.56799
0.5582,-0.048268,-0.8283,0.0089957,0.9986,-0.052129,0.82966,0.021647,0.55785
0.54763,-0.048231,-0.83533,0.010468,0.99865,-0.050799,0.83666,0.019075,0.5474
0.53713,-0.048421,-0.84211,0.010731,0.99866,-0.050579,0.84343,0.018131,0.53693
0.52671,-0.049638,-0.84859,0.010315,0.99859,-0.05201,0.84998,0.018641,0.52648
0.51649,-0.050449,-0.8548,0.008987,0.99853,-0.053501,0.85625,0.01995,0.51618
0.50647,-0.051106,-0.86074,0.0076558,0.99847,-0.054779,0.86223,0.021154,0.50608
0.49665,-0.051057,-0.86645,0.0067865,0.99847,-0.054946,0.86792,0.021409,0.49624
0.48776,-0.049107,-0.8716,0.0058253,0.99858,-0.053001,0.87296,0.020774,0.48735
0.47961,-0.047005,-0.87622,0.0061496,0.99872,-0.050211,0.87746,0.018693,0.47928
0.47193,-0.047326,-0.88036,0.0064268,0.99872,-0.050243,0.88161,0.018053,0.47163
0.46423,-0.05056,-0.88427,0.0083221,0.99857,-0.052726,0.88567,0.017118,0.46399
0.45709,-0.05387,-0.88779,0.010997,0.99843,-0.054921,0.88935,0.015341,0.45697
0.45086,-0.056681,-0.89079,0.012028,0.99828,-0.057433,0.89251,0.01518,0.45076
0.4453,-0.06019,-0.89336,0.013825,0.99808,-0.060355,0.89528,0.014525,0.44527
0.44044,-0.061183,-0.8957,0.016484,0.99806,-0.060069,0.89763,0.011692,0.44059
0.43616,-0.05859,-0.89796,0.017807,0.99824,-0.056484,0.89969,0.0086457,0.43643
0.43221,-0.05654,-0.9,0.021123,0.99839,-0.052577,0.90152,0.0037137,0.43271
0.42884,-0.05588,-0.90165,0.022811,0.99844,-0.051029,0.90309,0.0013163,0.42945
0.42591,-0.056244,-0.90301,0.024454,0.99842,-0.050652,0.90443,-0.00050944,0.42661
0.42328,-0.055236,-0.90431,0.026292,0.99847,-0.048681,0.90562,-0.0031697,0.42409
0.42092,-0.054206,-0.90548,0.027734,0.99852,-0.046883,0.90667,-0.0053788,0.4218
0.41867,-0.055263,-0.90646,0.030379,0.99844,-0.046839,0.90763,-0.0079273,0.41969
0.41603,-0.055531,-0.90765,0.032463,0.9984,-0.046204,0.90877,-0.010243,0.41717
0.41341,-0.054754,-0.9089,0.035708,0.9984,-0.043904,0.90985,-0.014304,0.4147
0.41123,-0.054069,-0.90993,0.037509,0.9984,-0.042374,0.91076,-0.016705,0.4126
0.4093,-0.054794,-0.91075,0.039792,0.99832,-0.04218,0.91153,-0.018976,0.41079
0.40792,-0.056222,-0.91129,0.041082,0.99822,-0.043195,0.91209,-0.019818,0.4095
0.40727,-0.057414,-0.9115,0.041212,0.99816,-0.044458,0.91238,-0.019458,0.40889
0.40759,-0.057951,-0.91132,0.040178,0.99816,-0.045503,0.91228,-0.018069,0.40917
0.40966,-0.057766,-0.91041,0.037997,0.99821,-0.046239,0.91145,-0.015651,0.41112
0.41392,-0.057771,-0.90848,0.035643,0.99825,-0.04724,0.90962,-0.012828,0.41525
0.41906,-0.058061,-0.9061,0.033968,0.99826,-0.048256,0.90732,-0.010557,0.4203
0.42486,-0.058213,-0.90339,0.033289,0.99826,-0.04867,0.90465,-0.0093948,0.42606
0.43181,-0.057095,-0.90015,0.032254,0.99833,-0.047849,0.90139,-0.0083717,0.43294
0.43999,-0.055491,-0.89629,0.030655,0.99844,-0.046767,0.89748,-0.0068992,0.441
0.44885,-0.055176,-0.8919,0.030268,0.99846,-0.046535,0.8931,-0.0061094,0.44982
0.45835,-0.054704,-0.88708,0.029593,0.99849,-0.046283,0.88828,-0.0050378,0.45928
0.46818,-0.055124,-0.88191,0.028516,0.99847,-0.047272,0.88317,-0.003017,0.46903
0.47869,-0.056789,-0.87614,0.02678,0.99839,-0.050081,0.87757,0.00051029,0.47944
0.49009,-0.057463,-0.86977,0.02497,0.99834,-0.051887,0.87131,0.003711,0.49072
0.50234,-0.05599,-0.86286,0.022925,0.99841,-0.05144,0.86437,0.0060594,0.50282
0.51521,-0.053156,-0.85541,0.021283,0.99856,-0.049232,0.8568,0.007159,0.5156
0.52777,-0.050817,-0.84786,0.020396,0.99868,-0.04716,0.84914,0.0075972,0.52811
0.53969,-0.050404,-0.84036,0.020775,0.9987,-0.046559,0.84161,0.0076691,0.54003
0.55124,-0.050949,-0.83279,0.020994,0.99866,-0.047201,0.83408,0.0085354,0.55158
0.56243,-0.051752,-0.82522,0.021376,0.99862,-0.048057,0.82657,0.0093889,0.56276
0.57352,-0.053129,-0.81747,0.023151,0.99855,-0.048655,0.81887,0.008979,0.57391
0.58431,-0.053668,-0.80976,0.024172,0.99852,-0.048737,0.81117,0.0089043,0.58474
0.59518,-0.051216,-0.80196,0.023041,0.99864,-0.046677,0.80326,0.009303,0.59555
0.60526,-0.048441,-0.79455,0.023294,0.9988,-0.043149,0.79568,0.0076082,0.60566
0.61535,-0.046678,-0.78687,0.021934,0.99887,-0.042101,0.78795,0.0086476,0.61568
0.62561,-0.046032,-0.77878,0.019998,0.99888,-0.042977,0.77988,0.011313,0.62583
0.63527,-0.045861,-0.77092,0.018327,0.99885,-0.044318,0.77207,0.014026,0.63538
0.64463,-0.045563,-0.76313,0.018105,0.99885,-0.044343,0.76428,0.014768,0.64472
0.65393,-0.043555,-0.7553,0.017959,0.99895,-0.042057,0.75634,0.013938,0.65403
0.66279,-0.041566,-0.74765,0.017719,0.99905,-0.039834,0.7486,0.013154,0.6629
0.67113,-0.040962,-0.7402,0.018322,0.99908,-0.038676,0.74111,0.012394,0.67127
0.67901,-0.040415,-0.73302,0.017253,0.99909,-0.039102,0.73393,0.013904,0.67908
0.68663,-0.03934,-0.72594,0.016544,0.99912,-0.038496,0.72682,0.014423,0.68668
0.69405,-0.037165,-0.71897,0.01592,0.99921,-0.036284,0.71975,0.013737,0.6941
0.70196,-0.034154,-0.7114,0.014903,0.99934,-0.033273,0.71206,0.012754,0.702
0.70952,-0.031974,-0.70396,0.013406,0.9994,-0.03188,0.70456,0.013182,0.70952
0.71746,-0.03179,-0.69587,0.013207,0.9994,-0.032039,0.69647,0.013797,0.71745
0.72569,-0.02896,-0.68741,0.010575,0.99947,-0.030943,0.68794,0.015185,0.72561
0.73482,-0.025808,-0.67777,0.0094602,0.99957,-0.027805,0.6782,0.014019,0.73474
0.74433,-0.022132,-0.66745,0.0077194,0.99967,-0.02454,0.66777,0.013113,0.74425
0.75475,-0.020394,-0.65569,0.0061171,0.99969,-0.024052,0.65598,0.014142,0.75465
0.7647,-0.019603,-0.64409,0.0046569,0.99968,-0.024896,0.64437,0.016038,0.76455
0.7746,-0.02018,-0.63213,0.004578,0.99964,-0.026303,0.63243,0.017481,0.77442
0.78461,-0.020752,-0.61965,0.0049429,0.99962,-0.027218,0.61997,0.018293,0.78441
0.79484,-0.018347,-0.60654,0.0040251,0.99968,-0.024965,0.60681,0.017401,0.79466
0.80509,-0.016149,-0.59293,0.0036887,0.99975,-0.022221,0.59314,0.015703,0.80494
0.81486,-0.014924,-0.57947,0.004099,0.99979,-0.019985,0.57965,0.013909,0.81475
0.82406,-0.013815,-0.56633,0.0048936,0.99984,-0.017269,0.56648,0.011459,0.824
0.83237,-0.01297,-0.55407,0.0053162,0.99987,-0.015419,0.55419,0.0098887,0.83233
0.83968,-0.013275,-0.54292,0.0068472,0.99988,-0.013858,0.54304,0.0079184,0.83967
0.84646,-0.013516,-0.53228,0.0074597,0.99988,-0.013526,0.5324,0.0074786,0.84646
0.85338,-0.012587,-0.52114,0.0065712,0.99989,-0.013389,0.52125,0.0080011,0.85337
0.86002,-0.011005,-0.51015,0.0052863,0.99991,-0.012658,0.51024,0.0081895,0.86
0.86639,-0.009696,-0.49927,0.0042212,0.99992,-0.012094,0.49935,0.0083702,0.86636
0.87236,-0.010344,-0.48875,0.004967,0.99991,-0.012296,0.48884,0.008299,0.87234
0.87756,-0.011778,-0.47932,0.0062113,0.99989,-0.013199,0.47942,0.0086055,0.87754
0.88201,-0.01261,-0.47106,0.0068566,0.99988,-0.013927,0.47118,0.0090541,0.88199
0.88551,-0.011854,-0.46448,0.0063509,0.99989,-0.01341,0.46458,0.0089248,0.88548
0.88874,-0.010241,-0.4583,0.0063072,0.99993,-0.010114,0.45837,0.0060982,0.88874
0.89194,-0.0062122,-0.45212,0.0041206,0.99998,-0.0056108,0.45214,0.0031415,0.89194
0.89527,-0.00311,-0.44551,0.0021528,0.99999,-0.0026544,0.44552,0.0014173,0.89527
0.89853,-0.00085215,-0.43891,0.00051078,1,-0.00089586,0.43891,0.00058078,0.89853
0.90183,0.0012656,-0.43209,-0.00072823,1,0.0014091,0.43209,-0.00095615,0.90183
0.90515,0.002657,-0.42509,-0.00098345,0.99999,0.0041562,0.4251,-0.0033439,0.90514
0.90857,0.0026577,-0.41772,5.3082e-06,0.99998,0.0063737,0.41773,-0.0057931,0.90855
0.91214,0.0023739,-0.40988,0.00065777,0.99997,0.0072554,0.40989,-0.0068875,0.91211
0.91582,0.0018047,-0.40159,0.0011706,0.99997,0.0071634,0.40159,-0.0070305,0.91579
0.91968,-0.00088581,-0.39266,0.0037861,0.99997,0.0066118,0.39264,-0.0075674,0.91966
0.92375,-0.0024196,-0.383,0.0048934,0.99997,0.005485,0.38297,-0.0069409,0.92373
0.92829,-0.003651,-0.37184,0.0052824,0.99998,0.0033688,0.37182,-0.0050914,0.92829
0.93337,-0.0025919,-0.35891,0.0035572,0.99999,0.0020292,0.3589,-0.0031707,0.93337
0.9395,0.0011657,-0.34255,-1.171e-05,0.99999,0.0033709,0.34255,-0.0031629,0.93949
0.94608,0.0053019,-0.32389,-0.003341,0.99997,0.0066101,0.32392,-0.0051716,0.94607
0.95274,0.0082871,-0.30366,-0.0061259,0.99995,0.0080689,0.30371,-0.0058274,0.95275
0.95927,0.010082,-0.28232,-0.0078138,0.99993,0.0091581,0.28239,-0.0065791,0.95928
0.96538,0.011321,-0.26059,-0.008917,0.99991,0.010405,0.26069,-0.0077211,0.96539
0.97104,0.011762,-0.23864,-0.0090095,0.99988,0.012623,0.23876,-0.010107,0.97103
0.97623,0.01399,-0.2163,-0.010718,0.99981,0.016293,0.21649,-0.013587,0.97619
0.98092,0.015702,-0.19377,-0.011996,0.99972,0.020284,0.19403,-0.017572,0.98084
0.98514,0.017702,-0.17084,-0.013812,0.99962,0.023933,0.1712,-0.021218,0.98501
0.98874,0.019414,-0.14835,-0.016026,0.99958,0.023998,0.14875,-0.021351,0.98864
0.99185,0.018535,-0.12608,-0.015926,0.99964,0.021674,0.12644,-0.019489,0.99178
0.99432,0.018343,-0.10484,-0.016294,0.99966,0.02037,0.10518,-0.018546,0.99428
0.99631,0.016966,-0.084167,-0.015153,0.99964,0.022138,0.084512,-0.020781,0.99621
0.99781,0.017538,-0.063803,-0.016016,0.99958,0.024286,0.064202,-0.023211,0.99767
0.9989,0.017857,-0.043336,-0.016771,0.99954,0.025276,0.043767,-0.024522,0.99874
0.99957,0.018969,-0.022535,-0.018382,0.99949,0.02595,0.023016,-0.025524,0.99941
0.99981,0.01941,-0.0016324,-0.019359,0.99945,0.026834,0.0021523,-0.026797,0.99964
0.99959,0.021493,0.019085,-0.021982,0.99943,0.02578,-0.01852,-0.026189,0.99949
0.99896,0.022794,0.039462,-0.023784,0.99941,0.024809,-0.038874,-0.025722,0.99891
0.99798,0.022732,0.059271,-0.024086,0.99946,0.022224,-0.058733,-0.023607,0.99799
0.9966,0.02488,0.078594,-0.026515,0.99945,0.019825,-0.078057,-0.021842,0.99671
0.99487,0.024937,0.098053,-0.026833,0.99948,0.018063,-0.097551,-0.020601,0.99502
0.99278,0.025155,0.11729,-0.027091,0.99952,0.01494,-0.11685,-0.01801,0.99299
0.99034,0.02629,0.13615,-0.027859,0.99957,0.0096331,-0.13584,-0.013333,0.99064
0.98762,0.02771,0.15437,-0.028556,0.99959,0.0032683,-0.15421,-0.007636,0.98801
0.98462,0.029803,0.17215,-0.029858,0.99955,-0.0022723,-0.17214,-0.0029028,0.98507
0.98128,0.03197,0.18991,-0.031387,0.99949,-0.0060794,-0.19001,4.9822e-06,0.98178
0.97757,0.034351,0.20777,-0.033116,0.99941,-0.0094204,-0.20797,0.0023285,0.97813
0.97367,0.03398,0.2254,-0.032753,0.99942,-0.0091837,-0.22559,0.0015592,0.97422
0.96951,0.033171,0.2428,-0.031893,0.99945,-0.0091914,-0.24297,0.0011675,0.97003
0.96514,0.032649,0.25968,-0.029942,0.99945,-0.014374,-0.26001,0.0060971,0.96559
0.96056,0.033381,0.27607,-0.029193,0.99939,-0.019266,-0.27655,0.010447,0.96094
0.95552,0.035738,0.29274,-0.031445,0.99932,-0.019359,-0.29323,0.0092931,0.956
0.94997,0.037899,0.31004,-0.033457,0.99925,-0.019635,-0.31055,0.0082796,0.95052
0.9439,0.041672,0.32758,-0.036134,0.99908,-0.022977,-0.32824,0.0098508,0.94454
0.93773,0.042572,0.34475,-0.035597,0.99901,-0.026542,-0.34554,0.012618,0.93832
0.93129,0.043652,0.36165,-0.035452,0.99894,-0.02928,-0.36255,0.014447,0.93185
0.9244,0.044153,0.37887,-0.03403,0.99886,-0.033379,-0.37991,0.017963,0.92485
0.91657,0.046685,0.39714,-0.03357,0.99864,-0.039916,-0.39847,0.023254,0.91689
0.90706,0.049997,0.41801,-0.034853,0.99843,-0.04379,-0.41955,0.025151,0.90738
0.89587,0.053094,0.44113,-0.037078,0.99831,-0.044855,-0.44277,0.023828,0.89632
0.88301,0.057999,0.46576,-0.040482,0.99805,-0.047534,-0.46761,0.023117,0.88363
0.86933,0.061883,0.49034,-0.042478,0.99781,-0.050619,-0.4924,0.023176,0.87006
0.85506,0.065708,0.51435,-0.044067,0.99756,-0.05418,-0.51665,0.023661,0.85587
0.84039,0.0671,0.53781,-0.043595,0.99746,-0.056326,-0.54022,0.023891,0.84118
0.82517,0.068483,0.56072,-0.043226,0.99737,-0.0582,-0.56323,0.023787,0.82596
0.80943,0.070384,0.58299,-0.041272,0.99715,-0.063084,-0.58577,0.027001,0.81003
0.79355,0.072666,0.60414,-0.03914,0.99688,-0.068493,-0.60724,0.030706,0.79393
0.77771,0.074542,0.62419,-0.037604,0.99668,-0.072173,-0.6275,0.032658,0.77793
0.76181,0.076065,0.64332,-0.036159,0.99653,-0.075009,-0.64679,0.033882,0.76192
0.74632,0.07639,0.66119,-0.033996,0.99647,-0.076753,-0.66472,0.034804,0.74628
0.73119,0.077016,0.67781,-0.032255,0.9964,-0.078421,-0.68141,0.035478,0.73104
0.71649,0.077779,0.69324,-0.029653,0.99626,-0.081129,-0.69696,0.037572,0.71612
0.70187,0.079159,0.7079,-0.027196,0.99606,-0.084418,-0.71179,0.039998,0.70125
0.68731,0.081031,0.72183,-0.024374,0.99577,-0.088575,-0.72595,0.043285,0.68638
0.67234,0.083231,0.73555,-0.023041,0.99553,-0.091588,-0.73988,0.044631,0.67125
0.65711,0.083961,0.7491,-0.021845,0.99548,-0.092413,-0.75348,0.044362,0.65598
0.6409,0.085059,0.76289,-0.022151,0.99548,-0.092382,-0.7673,0.042309,0.63989
0.62372,0.086034,0.77689,-0.024194,0.99557,-0.090826,-0.78127,0.037854,0.62304
0.60602,0.087094,0.79067,-0.026788,0.99566,-0.089141,-0.795,0.032841,0.60572
0.58834,0.088469,0.80376,-0.029579,0.99569,-0.087943,-0.80807,0.027966,0.58842
0.57079,0.091365,0.816,-0.030031,0.99545,-0.090451,-0.82055,0.027123,0.57094
0.55281,0.095047,0.82787,-0.031924,0.99516,-0.092936,-0.83269,0.024948,0.55317
0.53387,0.095236,0.84019,-0.032513,0.99521,-0.092149,-0.84494,0.021878,0.53441
0.51342,0.094265,0.85294,-0.032912,0.99538,-0.090196,-0.8575,0.018236,0.51415
0.49228,0.092466,0.86551,-0.033286,0.99561,-0.087434,-0.8698,0.014233,0.4932
0.4711,0.091264,0.87735,-0.033386,0.99577,-0.085655,-0.88145,0.01106,0.47215
0.44978,0.08995,0.8886,-0.032621,0.99591,-0.084301,-0.89254,0.0089301,0.45088
0.42866,0.089609,0.89901,-0.031666,0.99595,-0.084172,-0.90291,0.0076137,0.42977
0.40802,0.088738,0.90865,-0.029165,0.99602,-0.084175,-0.91251,0.0078439,0.40898
0.38721,0.089209,0.91767,-0.026653,0.99598,-0.085576,-0.92161,0.0086771,0.38802
0.36666,0.088675,0.92612,-0.0227,0.996,-0.086379,-0.93008,0.010649,0.3672
0.34594,0.08669,0.93424,-0.020326,0.99618,-0.084911,-0.93804,0.010384,0.34638
0.3253,0.085867,0.9417,-0.01952,0.99627,-0.084099,-0.94541,0.0089754,0.32576
0.3054,0.090467,0.94792,-0.019182,0.99586,-0.088862,-0.95203,0.0089551,0.30587
0.28606,0.099771,0.953,-0.020003,0.99497,-0.09816,-0.958,0.0090169,0.28661
0.26685,0.10813,0.95765,-0.021685,0.99411,-0.10621,-0.96349,0.0075751,0.26762
0.24703,0.11163,0.96256,-0.024272,0.99374,-0.10901,-0.9687,0.0035666,0.24819
0.2269,0.11276,0.96737,-0.02686,0.99362,-0.10952,-0.97355,-0.0011326,0.22848
0.20688,0.11315,0.9718,-0.030272,0.99355,-0.10923,-0.9779,-0.0068203,0.20897
0.18739,0.11314,0.97575,-0.032111,0.99352,-0.10904,-0.98176,-0.010899,0.18981
0.16834,0.11225,0.97932,-0.031847,0.9936,-0.10841,-0.98521,-0.012939,0.17084
0.14954,0.11172,0.98242,-0.03162,0.99363,-0.10819,-0.98825,-0.014887,0.15212
0.13117,0.11242,0.98496,-0.03013,0.99354,-0.10939,-0.9909,-0.015328,0.13371
0.11178,0.11538,0.98701,-0.033263,0.99311,-0.11232,-0.99318,-0.020275,0.11485
0.092545,0.11712,0.9888,-0.033735,0.99286,-0.11444,-0.99514,-0.022766,0.095835
0.075328,0.11456,0.99056,-0.033864,0.9931,-0.11228,-0.99658,-0.025086,0.078688
0.06003,0.11019,0.9921,-0.031367,0.99361,-0.10846,-0.9977,-0.024608,0.063103
0.045705,0.10624,0.99329,-0.030512,0.99401,-0.10491,-0.99849,-0.025512,0.048673
0.033234,0.10288,0.99414,-0.028456,0.99438,-0.10195,-0.99904,-0.0249,0.035975
0.02258,0.10263,0.99446,-0.027636,0.9944,-0.102,-0.99936,-0.02518,0.02529
0.013908,0.10556,0.99432,-0.027544,0.99407,-0.10515,-0.99952,-0.025925,0.016733
0.0071164,0.10702,0.99423,-0.028629,0.99387,-0.10678,-0.99956,-0.027704,0.010137
0.0011021,0.11034,0.99389,-0.029306,0.99347,-0.11026,-0.99957,-0.029005,0.0043285
-0.0041939,0.1189,0.9929,-0.028579,0.99249,-0.11897,-0.99958,-0.028875,-0.00076441
-0.008972,0.12334,0.99232,-0.029613,0.9919,-0.12355,-0.99952,-0.030495,-0.0052468
-0.012711,0.11492,0.99329,-0.029539,0.9929,-0.11525,-0.99948,-0.030806,-0.0092265
-0.015225,0.10399,0.99446,-0.028456,0.99413,-0.10439,-0.99948,-0.029888,-0.012177
-0.0165,0.10064,0.99479,-0.027284,0.99451,-0.10106,-0.99949,-0.028809,-0.013664
-0.016591,0.10226,0.99462,-0.027929,0.99432,-0.1027,-0.99947,-0.029483,-0.013641
-0.016076,0.10575,0.99426,-0.027429,0.99397,-0.10616,-0.99949,-0.028978,-0.013079
-0.014548,0.10802,0.99404,-0.029436,0.99367,-0.10841,-0.99946,-0.030837,-0.011276
-0.012607,0.10862,0.994,-0.031906,0.99353,-0.10897,-0.99941,-0.033088,-0.0090599
-0.0093604,0.11022,0.99386,-0.032724,0.99334,-0.11047,-0.99942,-0.033557,-0.0056912
-0.0058541,0.111,0.9938,-0.035347,0.99318,-0.11114,-0.99936,-0.035779,-0.0018906
-0.0011247,0.11344,0.99354,-0.036754,0.99287,-0.1134,-0.99932,-0.036644,0.0030526
0.0049283,0.1128,0.99361,-0.03837,0.99291,-0.11253,-0.99925,-0.03757,0.0092216
0.01166,0.1099,0.99387,-0.037521,0.99329,-0.1094,-0.99923,-0.036016,0.015705
0.019174,0.10993,0.99375,-0.035427,0.99339,-0.1092,-0.99919,-0.033111,0.022942
0.026579,0.11087,0.99348,-0.034433,0.99334,-0.10993,-0.99905,-0.031286,0.030219
0.0336,0.11069,0.99329,-0.034713,0.99338,-0.10952,-0.99883,-0.0308,0.03722
0.040326,0.10938,0.99318,-0.036086,0.9935,-0.10795,-0.99853,-0.031487,0.044011
0.047041,0.10796,0.99304,-0.037085,0.99365,-0.10627,-0.9982,-0.031828,0.050746
0.05384,0.1053,0.99298,-0.037333,0.99394,-0.10338,-0.99785,-0.031505,0.057445
0.06086,0.10657,0.99244,-0.037144,0.99384,-0.10444,-0.99745,-0.030507,0.064443
0.067782,0.10835,0.9918,-0.037222,0.99367,-0.10601,-0.99701,-0.029731,0.071386
0.074641,0.11038,0.99108,-0.036963,0.99348,-0.10786,-0.99653,-0.028583,0.078234
0.081221,0.1115,0.99044,-0.039107,0.99331,-0.10861,-0.99593,-0.029912,0.085038
0.087719,0.11299,0.98972,-0.040974,0.99311,-0.10975,-0.9953,-0.030926,0.091745
0.094653,0.11243,0.98914,-0.04187,0.99317,-0.10889,-0.99463,-0.031109,0.098715
0.10103,0.11031,0.98875,-0.042833,0.99339,-0.10645,-0.99396,-0.031596,0.10508
0.1074,0.10833,0.9883,-0.043604,0.9936,-0.10417,-0.99326,-0.031907,0.11143
0.11409,0.10785,0.9876,-0.043245,0.99369,-0.10352,-0.99253,-0.030898,0.11804
0.12099,0.10875,0.98668,-0.043509,0.99361,-0.10418,-0.9917,-0.030324,0.12495
0.12828,0.1094,0.98569,-0.04158,0.99362,-0.10487,-0.99087,-0.027532,0.13201
0.13719,0.11119,0.98428,-0.040079,0.99349,-0.10664,-0.98973,-0.024819,0.14075
0.14666,0.11358,0.98264,-0.040112,0.99325,-0.10882,-0.98837,-0.023457,0.15023
0.15634,0.11461,0.98103,-0.040405,0.99316,-0.10959,-0.98688,-0.022505,0.1599
0.16427,0.11396,0.97981,-0.042615,0.9932,-0.10837,-0.98549,-0.023953,0.16801
0.1697,0.11236,0.97907,-0.0443,0.99334,-0.10632,-0.9845,-0.02533,0.17354
0.17353,0.11213,0.97842,-0.046944,0.99331,-0.10551,-0.98371,-0.027622,0.17764
0.17624,0.1147,0.97764,-0.047482,0.99302,-0.10795,-0.9832,-0.027395,0.18046
0.17914,0.11591,0.97697,-0.047074,0.99291,-0.10917,-0.9827,-0.026433,0.18332
0.18219,0.11605,0.97639,-0.046308,0.99292,-0.10937,-0.98217,-0.025289,0.18627
0.1854,0.11496,0.97592,-0.04461,0.99309,-0.10851,-0.98165,-0.023419,0.18924
0.18902,0.11612,0.97508,-0.043814,0.99299,-0.10976,-0.98099,-0.021974,0.19279
0.19254,0.11658,0.97434,-0.043687,0.99295,-0.11017,-0.98032,-0.021354,0.19627
0.19629,0.1152,0.97376,-0.04349,0.99312,-0.10872,-0.97958,-0.021008,0.19995
0.19999,0.11096,0.97349,-0.041143,0.99364,-0.1048,-0.97893,-0.019092,0.20329
0.20423,0.10945,0.97279,-0.040643,0.99382,-0.10328,-0.97808,-0.018445,0.20741
0.20966,0.11142,0.97141,-0.039664,0.99364,-0.10541,-0.97697,-0.01643,0.21274
0.21628,0.11278,0.9698,-0.03817,0.99352,-0.10703,-0.97559,-0.01387,0.21918
0.22247,0.11256,0.96842,-0.037931,0.99356,-0.10677,-0.9742,-0.012981,0.22531
0.22968,0.11121,0.96689,-0.037342,0.99373,-0.10543,-0.97255,-0.011891,0.2324
0.23825,0.11015,0.96494,-0.036514,0.99386,-0.10444,-0.97052,-0.010352,0.24081
0.24775,0.10989,0.96257,-0.034385,0.99392,-0.10462,-0.96821,-0.007177,0.25003
0.25875,0.11118,0.95952,-0.031562,0.9938,-0.10664,-0.96543,-0.0026922,0.26066
0.27005,0.11018,0.95652,-0.030368,0.99391,-0.10591,-0.96237,-0.0004463,0.27175
0.28109,0.10775,0.95361,-0.031467,0.99418,-0.10306,-0.95917,-0.001038,0.28284
0.29184,0.1065,0.95052,-0.031756,0.99431,-0.10166,-0.95594,-0.00051655,0.29356
0.30268,0.10835,0.94691,-0.0346,0.99411,-0.10269,-0.95246,-0.0016806,0.30465
0.3131,0.11048,0.94327,-0.035919,0.99388,-0.10448,-0.94904,-0.0011673,0.31516
0.32364,0.11172,0.93956,-0.038178,0.99374,-0.10501,-0.94541,-0.0018848,0.32588
0.33361,0.11113,0.93614,-0.040658,0.9938,-0.10348,-0.94183,-0.0035388,0.33606
0.34246,0.11029,0.93304,-0.042325,0.99389,-0.10195,-0.93858,-0.0045779,0.34503
0.35043,0.10877,0.93025,-0.042872,0.99406,-0.10008,-0.93561,-0.0048108,0.35301
0.35831,0.10785,0.92735,-0.043293,0.99416,-0.09889,-0.9326,-0.0047142,0.36088
0.36617,0.10652,0.92443,-0.044626,0.99429,-0.096892,-0.92948,-0.0057746,0.36884
0.374,0.10679,0.92126,-0.046227,0.99426,-0.096485,-0.92628,-0.0065018,0.37679
0.38187,0.10803,0.91788,-0.046852,0.99413,-0.097516,-0.92303,-0.0057654,0.38469
0.38995,0.10978,0.91427,-0.047676,0.99394,-0.099007,-0.9196,-0.0049809,0.39282
0.39796,0.10911,0.91089,-0.048787,0.99401,-0.097749,-0.9161,-0.005539,0.4009
0.40659,0.10719,0.9073,-0.04818,0.99423,-0.095871,-0.91234,-0.0047335,0.40941
0.41537,0.10618,0.90343,-0.048916,0.99433,-0.094373,-0.90834,-0.0049931,0.41821
0.42386,0.10216,0.89995,-0.048393,0.99475,-0.090129,-0.90444,-0.0053492,0.42658
0.43247,0.09935,0.89616,-0.049188,0.99503,-0.086574,-0.9003,-0.0066393,0.43521
0.44109,0.09964,0.89191,-0.051628,0.99499,-0.085623,-0.89598,-0.0082804,0.44402
0.44943,0.10076,0.88761,-0.052652,0.99488,-0.08628,-0.89176,-0.0079579,0.45243
0.45758,0.098787,0.88366,-0.054105,0.99506,-0.083223,-0.88752,-0.0097296,0.46067
0.4658,0.098173,0.87943,-0.055586,0.99511,-0.081645,-0.88314,-0.010854,0.46898
0.47421,0.098452,0.87489,-0.056089,0.99509,-0.081577,-0.87862,-0.010387,0.47741
0.48258,0.098412,0.87031,-0.056204,0.9951,-0.081359,-0.87405,-0.009653,0.48575
0.49102,0.09876,0.86553,-0.05633,0.99507,-0.081585,-0.86932,-0.0086949,0.49417
0.49915,0.09817,0.86094,-0.056969,0.99513,-0.080443,-0.86464,-0.0088943,0.50231
0.50699,0.09637,0.85654,-0.056914,0.9953,-0.078294,-0.86007,-0.0090545,0.5101
0.51337,0.094047,0.853,-0.057528,0.99551,-0.075137,-0.85623,-0.010497,0.51648
0.5186,0.091925,0.85006,-0.057585,0.9957,-0.072543,-0.85307,-0.01133,0.52167
0.52242,0.090227,0.8479,-0.059181,0.99582,-0.069505,-0.85063,-0.013869,0.52558
0.52568,0.08724,0.8462,-0.059885,0.99605,-0.065488,-0.84857,-0.016249,0.52883
0.52815,0.084996,0.84489,-0.059749,0.99623,-0.062872,-0.84705,-0.017276,0.53124
0.53007,0.083057,0.84388,-0.05962,0.99638,-0.060618,-0.84586,-0.01818,0.5331
0.53161,0.084009,0.84281,-0.060362,0.9963,-0.061234,-0.84484,-0.018321,0.53471
0.53318,0.085919,0.84163,-0.060315,0.99616,-0.063485,-0.84385,-0.016914,0.53631
0.53501,0.086516,0.8404,-0.059125,0.99614,-0.064908,-0.84277,-0.014962,0.53806
0.53671,0.085185,0.83946,-0.059276,0.99624,-0.063197,-0.84168,-0.015842,0.53974
0.53831,0.081597,0.83879,-0.056228,0.99656,-0.06086,-0.84087,-0.014402,0.54105
0.5398,0.078902,0.83809,-0.054663,0.99678,-0.058635,-0.84002,-0.014161,0.54238
0.54087,0.075795,0.83768,-0.054631,0.99699,-0.054936,-0.83933,-0.01605,0.54339
0.5421,0.072782,0.83716,-0.054731,0.99718,-0.051253,-0.83853,-0.018034,0.54456
0.54259,0.071592,0.83694,-0.054275,0.99727,-0.050119,-0.83824,-0.018231,0.545
0.54336,0.072241,0.83639,-0.054484,0.99722,-0.050738,-0.83773,-0.018001,0.54579
0.54378,0.07208,0.83612,-0.055818,0.99721,-0.049664,-0.83737,-0.019664,0.54629
0.5442,0.070138,0.83602,-0.055832,0.99732,-0.047326,-0.8371,-0.020922,0.54665
0.54485,0.067831,0.83579,-0.055107,0.99746,-0.045029,-0.83672,-0.021524,0.5472
0.5454,0.065276,0.83563,-0.055211,0.9976,-0.041894,-0.83636,-0.023287,0.54769
0.54633,0.063512,0.83516,-0.054553,0.9977,-0.040186,-0.83579,-0.023606,0.54853
0.54745,0.062629,0.83449,-0.054528,0.99775,-0.039109,-0.83506,-0.024093,0.54964
0.54864,0.060627,0.83386,-0.053855,0.99786,-0.037117,-0.83432,-0.024544,0.55073
0.55017,0.058116,0.83303,-0.053714,0.99797,-0.034148,-0.83333,-0.025958,0.55217
0.55217,0.056365,0.83183,-0.053025,0.99807,-0.032432,-0.83205,-0.0262,0.55409
0.55462,0.055863,0.83023,-0.053204,0.99808,-0.031616,-0.8304,-0.026637,0.55652
0.55709,0.054261,0.82868,-0.052963,0.99815,-0.029754,-0.82876,-0.027313,0.55894
0.56021,0.051509,0.82675,-0.052261,0.99827,-0.026784,-0.8267,-0.028202,0.56194
0.56464,0.047275,0.82398,-0.050348,0.99847,-0.022784,-0.8238,-0.028621,0.56616
0.57069,0.045245,0.81992,-0.049564,0.99856,-0.020604,-0.81967,-0.02888,0.57211
0.57673,0.043342,0.81579,-0.045984,0.99873,-0.020553,-0.81564,-0.02566,0.57799
0.58279,0.045201,0.81137,-0.048161,0.99862,-0.02104,-0.8112,-0.026814,0.58416
0.5885,0.044873,0.80725,-0.048917,0.99861,-0.019849,-0.80702,-0.027807,0.58987
0.5952,0.043094,0.80242,-0.048932,0.99865,-0.017338,-0.80208,-0.028944,0.59651
0.60194,0.03904,0.79758,-0.04796,0.99877,-0.012691,-0.7971,-0.030613,0.60307
0.6094,0.037634,0.79197,-0.046572,0.99885,-0.011629,-0.7915,-0.029797,0.61045
0.61758,0.037752,0.7856,-0.044698,0.99892,-0.012865,-0.78523,-0.02717,0.6186
0.62687,0.035917,0.77829,-0.042631,0.99902,-0.011766,-0.77796,-0.025804,0.62779
0.6359,0.035163,0.77097,-0.041615,0.99907,-0.011242,-0.77065,-0.024935,0.63677
0.64516,0.034178,0.76328,-0.040664,0.99912,-0.010368,-0.76296,-0.024349,0.64598
0.65407,0.031686,0.75577,-0.040156,0.99917,-0.0071378,-0.75537,-0.02568,0.6548
0.66304,0.030743,0.74795,-0.041677,0.99912,-0.0041209,-0.74742,-0.02844,0.66374
0.67212,0.029451,0.73985,-0.040718,0.99917,-0.0027834,-0.73932,-0.028255,0.67276
0.68115,0.027772,0.73162,-0.040751,0.99917,1.0825e-05,-0.73101,-0.029821,0.68172
0.68975,0.024146,0.72364,-0.040219,0.99918,0.0049952,-0.72293,-0.03255,0.69016
0.69842,0.018763,0.71544,-0.038162,0.99921,0.011049,-0.71467,-0.03502,0.69859
0.70725,0.014425,0.70682,-0.034594,0.9993,0.01422,-0.70612,-0.034509,0.70725
0.71668,0.011451,0.69731,-0.030153,0.99944,0.014578,-0.69675,-0.031474,0.71662
0.72659,0.0090017,0.68701,-0.026598,0.99953,0.015033,-0.68656,-0.029196,0.72649
0.73632,0.0062228,0.67661,-0.024878,0.99953,0.017881,-0.67618,-0.029999,0.73613
0.74574,0.0031881,0.66623,-0.023635,0.99949,0.021673,-0.66582,-0.031909,0.74543
0.75492,0.00064037,0.65582,-0.021715,0.99948,0.024021,-0.65546,-0.032375,0.75454
0.76424,0.0001158,0.64493,-0.022093,0.99942,0.026,-0.64455,-0.034119,0.7638
0.77323,-0.0041557,0.63411,-0.017897,0.99944,0.028374,-0.63387,-0.033288,0.77272
0.78215,-0.0039382,0.62308,-0.01879,0.99938,0.029904,-0.62281,-0.035097,0.78159
0.78997,-0.0032704,0.61314,-0.019394,0.99935,0.030317,-0.61284,-0.03584,0.78939
0.79691,-0.0018121,0.6041,-0.021343,0.99929,0.031152,-0.60373,-0.037719,0.7963
0.80279,0.0004314,0.59627,-0.024948,0.99915,0.032866,-0.59575,-0.04126,0.80211
0.80848,0.0025982,0.58852,-0.026621,0.99913,0.03216,-0.58792,-0.041668,0.80784
0.81413,0.0054786,0.58066,-0.028857,0.9991,0.031033,-0.57996,-0.042021,0.81356
0.81951,0.0066482,0.57303,-0.030887,0.99899,0.032583,-0.57224,-0.044401,0.81888
0.8246,0.0070874,0.56567,-0.034723,0.99867,0.038105,-0.56465,-0.051063,0.82375
0.82915,0.0099791,0.55893,-0.03884,0.99845,0.039791,-0.55767,-0.054702,0.82826
0.83343,0.012774,0.55248,-0.042517,0.99825,0.041057,-0.55099,-0.057708,0.83252
0.83698,0.015511,0.54701,-0.046859,0.99796,0.043399,-0.54522,-0.061957,0.836
0.83984,0.017849,0.54254,-0.050177,0.99773,0.044848,-0.54051,-0.064888,0.83883
0.84174,0.022007,0.53943,-0.052124,0.99781,0.040628,-0.53736,-0.062315,0.84105
0.84288,0.027979,0.53737,-0.055261,0.99787,0.034723,-0.53525,-0.058963,0.84263
0.84359,0.032346,0.53601,-0.057612,0.99787,0.030454,-0.53389,-0.056571,0.84366
0.84422,0.034078,0.53492,-0.059556,0.99776,0.030427,-0.53268,-0.057544,0.84436
0.84468,0.032833,0.53426,-0.058719,0.99778,0.031519,-0.53203,-0.057995,0.84473
0.84517,0.032336,0.53352,-0.059091,0.9977,0.033138,-0.53123,-0.059534,0.84514
0.84566,0.0314,0.5328,-0.057647,0.9978,0.032691,-0.53061,-0.058359,0.84561
0.84621,0.031004,0.53194,-0.056517,0.9979,0.031746,-0.52984,-0.056928,0.84619
0.84698,0.031197,0.53071,-0.055809,0.99798,0.030403,-0.52869,-0.055369,0.84701
0.84808,0.030133,0.52902,-0.053884,0.99811,0.02953,-0.52713,-0.05355,0.8481
0.84959,0.028379,0.52668,-0.052109,0.99818,0.030272,-0.52487,-0.053164,0.84952
0.85196,0.026553,0.52294,-0.050532,0.99822,0.031639,-0.52117,-0.05338,0.85178
0.85533,0.026042,0.51743,-0.049954,0.99823,0.032335,-0.51567,-0.053504,0.85512
0.85999,0.025092,0.50969,-0.048095,0.99833,0.032002,-0.50803,-0.052035,0.85976
0.86546,0.023113,0.50044,-0.045811,0.9984,0.033114,-0.49887,-0.051585,0.86514
0.87146,0.023374,0.4899,-0.04649,0.9983,0.035069,-0.48825,-0.053337,0.87107
0.87781,0.023936,0.47841,-0.046011,0.99835,0.034473,-0.47679,-0.052273,0.87746
0.88406,0.024762,0.46672,-0.046255,0.99833,0.034647,-0.46509,-0.052218,0.88372
0.89003,0.025062,0.45521,-0.047309,0.99817,0.037543,-0.45344,-0.05495,0.88959
0.89592,0.023939,0.44356,-0.046601,0.9981,0.040259,-0.44176,-0.056739,0.89534
0.90189,0.023272,0.43135,-0.045269,0.99814,0.040798,-0.4296,-0.056322,0.90126
0.90776,0.022899,0.41886,-0.044149,0.99818,0.04111,-0.41716,-0.05581,0.90712
0.91334,0.023915,0.40649,-0.044997,0.99809,0.042385,-0.40469,-0.057003,0.91267
0.91866,0.026814,0.39413,-0.047512,0.99795,0.042851,-0.39217,-0.058092,0.91806
0.92371,0.030672,0.38185,-0.050482,0.99784,0.041969,-0.37974,-0.058044,0.92327
0.928,0.034899,0.37094,-0.054243,0.99765,0.041842,-0.36861,-0.05895,0.92772
0.93122,0.040116,0.36224,-0.059447,0.99733,0.042371,-0.35958,-0.060991,0.93112
0.93381,0.04236,0.35524,-0.061702,0.99716,0.043291,-0.3524,-0.062345,0.93377
0.93595,0.042535,0.34955,-0.061284,0.9972,0.042749,-0.34675,-0.061433,0.93594
0.9376,0.041482,0.34524,-0.059955,0.99727,0.042996,-0.34252,-0.061012,0.93753
0.93936,0.039812,0.34061,-0.057624,0.99744,0.042334,-0.33806,-0.059395,0.93925
0.9412,0.038398,0.33567,-0.055801,0.99754,0.042353,-0.33322,-0.058593,0.94103
0.94308,0.037206,0.33047,-0.053732,0.99771,0.041008,-0.32819,-0.056431,0.94292
0.94483,0.036986,0.32547,-0.052626,0.99784,0.039379,-0.32331,-0.054335,0.94473
0.94663,0.038188,0.32006,-0.053136,0.99786,0.038098,-0.31792,-0.053071,0.94663
0.94855,0.039578,0.31415,-0.053934,0.99785,0.037134,-0.31201,-0.052166,0.94865
0.95083,0.039584,0.30717,-0.05396,0.9978,0.038447,-0.30497,-0.053131,0.95088
0.95298,0.040241,0.30036,-0.055575,0.99754,0.042682,-0.2979,-0.057367,0.95287
0.95487,0.040819,0.29419,-0.0568,0.99733,0.045982,-0.29153,-0.060617,0.95464
0.95661,0.040981,0.28849,-0.056078,0.99744,0.04426,-0.28594,-0.058517,0.95646
0.95799,0.039654,0.28404,-0.053651,0.99769,0.041667,-0.28174,-0.055156,0.95791
0.9593,0.036565,0.28002,-0.049402,0.99802,0.038923,-0.27804,-0.051172,0.95921
0.95998,0.035947,0.27774,-0.049218,0.99795,0.040957,-0.27569,-0.052987,0.95978
