1,-1.1976e-11,-1.7046e-10,1.1976e-11,1,-3.5625e-10,1.7046e-10,3.5625e-10,1
0.99998,0.00050251,-0.0063804,-0.00050052,1,0.00031449,0.0063805,-0.00031129,0.99998
0.99991,0.0010615,-0.013406,-0.0010588,1,0.0002126,0.013406,-0.00019839,0.99991
0.99978,0.0013868,-0.020929,-0.0013955,1,-0.00040347,0.020929,0.00043259,0.99978
0.99955,0.0020253,-0.030082,-0.0020801,1,-0.0017893,0.030078,0.0018511,0.99955
0.99914,0.0022307,-0.041397,-0.0023791,0.99999,-0.003536,0.041389,0.0036315,0.99914
0.99849,0.0021456,-0.054906,-0.0023944,0.99999,-0.004465,0.054896,0.0045897,0.99848
0.99748,0.0022231,-0.070979,-0.0025451,0.99999,-0.0044461,0.070969,0.0046155,0.99747
0.99598,0.00099124,-0.089572,-0.0013976,0.99999,-0.004474,0.089567,0.0045812,0.99597
0.99398,-0.00035647,-0.10953,-0.00014066,0.99999,-0.0045311,0.10953,0.0045192,0.99397
0.9913,-0.00045118,-0.13164,-0.00017455,0.99999,-0.0047419,0.13164,0.0047236,0.99129
0.98779,0.0029279,-0.15576,-0.0039009,0.99997,-0.0059413,0.15574,0.0064764,0.98778
0.98343,0.0072819,-0.18116,-0.0088098,0.99993,-0.0076304,0.18109,0.0091,0.98342
0.97808,0.010802,-0.20796,-0.012793,0.99988,-0.0082334,0.20785,0.010713,0.9781
0.97135,0.011584,-0.23738,-0.014004,0.99987,-0.0085134,0.23725,0.011594,0.97138
0.96328,0.013446,-0.26815,-0.016136,0.99984,-0.0078329,0.268,0.011872,0.96335
0.95381,0.015772,-0.3,-0.018614,0.9998,-0.0066169,0.29984,0.011895,0.95392
0.94252,0.017741,-0.33369,-0.020738,0.99977,-0.0054212,0.33351,0.01203,0.94267
0.92997,0.020366,-0.36707,-0.023853,0.9997,-0.0049643,0.36686,0.013372,0.93018
0.91604,0.023498,-0.4004,-0.02747,0.99961,-0.0041802,0.40015,0.014828,0.91633
0.89997,0.024328,-0.43528,-0.02866,0.99958,-0.0033888,0.43502,0.015525,0.90029
0.88158,0.020507,-0.47159,-0.025438,0.99967,-0.0040816,0.47135,0.015594,0.88181
0.86044,0.01551,-0.50931,-0.020639,0.99978,-0.0044224,0.50913,0.014317,0.86057
0.83575,0.016848,-0.54886,-0.021099,0.99978,-0.0014391,0.54871,0.012783,0.83591
0.80695,0.023701,-0.59014,-0.026962,0.99963,0.0032791,0.59,0.013265,0.80729
0.77477,0.026853,-0.63167,-0.030228,0.99953,0.005415,0.63151,0.014898,0.77522
0.73908,0.027036,-0.67307,-0.030782,0.99951,0.0063481,0.67291,0.016027,0.73955
0.69987,0.023007,-0.7139,-0.025063,0.99966,0.0076467,0.71383,0.012541,0.7002
0.65747,0.019588,-0.75322,-0.020089,0.99976,0.0084641,0.75321,0.0095669,0.65771
0.61316,0.019309,-0.78972,-0.017509,0.99979,0.010852,0.78976,0.0071731,0.61337
0.56548,0.020291,-0.82451,-0.015504,0.99978,0.013971,0.82462,0.0048831,0.56567
0.51471,0.020899,-0.85711,-0.013822,0.99978,0.016078,0.85725,0.0035719,0.51489
0.46223,0.022672,-0.88647,-0.013116,0.99974,0.01873,0.88666,0.002969,0.46241
0.40812,0.024828,-0.91259,-0.01203,0.99969,0.021818,0.91285,0.0020741,0.40829
0.35282,0.026852,-0.93531,-0.011749,0.99964,0.024267,0.93562,0.0024267,0.35301
0.29775,0.029991,-0.95417,-0.0093233,0.99955,0.028508,0.9546,0.00040777,0.2979
0.24394,0.032266,-0.96925,-0.0052392,0.99948,0.031953,0.96978,-0.0027166,0.24398
0.19281,0.032608,-0.98069,-0.0022053,0.99946,0.032798,0.98123,-0.0041612,0.19278
0.1451,0.033624,-0.98885,-0.003992,0.99943,0.033398,0.98941,-0.00089869,0.14515
0.10206,0.033924,-0.9942,-0.0061448,0.99942,0.033471,0.99476,0.0026931,0.10221
0.063782,0.032516,-0.99743,-0.0073844,0.99946,0.03211,0.99794,0.0053174,0.063987
0.029047,0.029912,-0.99913,-0.0065216,0.99954,0.029734,0.99956,0.0056523,0.029229
-0.002722,0.027261,-0.99962,-0.0057187,0.99961,0.027276,0.99998,0.0057908,-0.002565
-0.029649,0.025508,-0.99923,-0.0063264,0.99965,0.025706,0.99954,0.0070837,-0.029477
-0.050918,0.02313,-0.99843,-0.00682,0.9997,0.023507,0.99868,0.0080063,-0.050745
-0.067333,0.02174,-0.99749,-0.0064749,0.99973,0.022226,0.99771,0.0079551,-0.067174
-0.080608,0.022174,-0.9965,-0.005344,0.99973,0.022679,0.99673,0.0071534,-0.080468
-0.090452,0.023836,-0.99562,-0.0063871,0.99968,0.024514,0.99588,0.0085765,-0.090271
-0.097258,0.025403,-0.99493,-0.0085598,0.99962,0.026359,0.99522,0.01108,-0.097003
-0.10181,0.02626,-0.99446,-0.0085878,0.99959,0.027275,0.99477,0.011317,-0.10154
-0.1035,0.026486,-0.99428,-0.0061179,0.99961,0.027265,0.99461,0.0089048,-0.1033
-0.10283,0.028472,-0.99429,-0.0039193,0.99957,0.029028,0.99469,0.0068818,-0.10267
-0.10136,0.03127,-0.99436,-0.0045963,0.99948,0.031899,0.99484,0.0078036,-0.10116
-0.099505,0.031653,-0.99453,-0.0070427,0.99945,0.032514,0.99501,0.01024,-0.099227
-0.097864,0.028808,-0.99478,-0.008779,0.99952,0.029809,0.99516,0.01165,-0.097564
-0.096633,0.028585,-0.99491,-0.0091685,0.99952,0.029608,0.99528,0.011983,-0.096325
-0.095085,0.030886,-0.99499,-0.0086912,0.99945,0.031855,0.99543,0.011677,-0.094765
-0.093246,0.034325,-0.99505,-0.0096068,0.99933,0.035373,0.9956,0.012858,-0.092853
-0.091434,0.037497,-0.9951,-0.010721,0.9992,0.038637,0.99575,0.014201,-0.090958
-0.08963,0.036338,-0.99531,-0.011919,0.99922,0.037554,0.9959,0.015229,-0.089127
-0.087769,0.033435,-0.99558,-0.014181,0.99929,0.03481,0.99604,0.017174,-0.087233
-0.0862,0.032527,-0.99575,-0.015537,0.9993,0.033988,0.99616,0.018401,-0.085635
-0.084513,0.034873,-0.99581,-0.012901,0.99927,0.036089,0.99634,0.015897,-0.084001
-0.083316,0.037059,-0.99583,-0.01052,0.99922,0.038065,0.99647,0.013648,-0.082861
-0.081958,0.039389,-0.99586,-0.0097545,0.99914,0.040321,0.99659,0.013019,-0.081503
-0.081251,0.035264,-0.99607,-0.0098273,0.9993,0.03618,0.99665,0.012728,-0.080847
-0.080745,0.027842,-0.99635,-0.0085085,0.99955,0.028621,0.9967,0.010788,-0.080472
-0.080685,0.023173,-0.99647,-0.0050315,0.99971,0.023656,0.99673,0.0069224,-0.080544
-0.081175,0.022685,-0.99644,-0.0034852,0.99973,0.023044,0.99669,0.0053433,-0.081074
-0.080987,0.031238,-0.99623,-0.0044903,0.99949,0.031705,0.99671,0.0070411,-0.080805
-0.081326,0.038061,-0.99596,-0.0056424,0.99924,0.038646,0.99667,0.0087625,-0.081049
-0.08166,0.043883,-0.99569,-0.0075957,0.99897,0.04465,0.99663,0.011209,-0.081242
-0.082049,0.044659,-0.99563,-0.0093872,0.99892,0.045581,0.99658,0.013086,-0.081541
-0.082453,0.041336,-0.99574,-0.0096906,0.99906,0.042277,0.99655,0.013135,-0.081975
-0.082902,0.038056,-0.99583,-0.0095084,0.99919,0.038976,0.99651,0.0127,-0.082474
-0.08289,0.039221,-0.99579,-0.011053,0.99913,0.040272,0.9965,0.014345,-0.082384
-0.082698,0.041947,-0.99569,-0.012143,0.999,0.043094,0.9965,0.015654,-0.082106
-0.082717,0.040823,-0.99574,-0.013028,0.99903,0.04204,0.99649,0.01645,-0.082105
-0.082312,0.035664,-0.99597,-0.013765,0.99922,0.036918,0.99651,0.016749,-0.081757
-0.081951,0.031054,-0.99615,-0.01499,0.99936,0.032387,0.99652,0.017587,-0.081434
-0.081514,0.031577,-0.99617,-0.015019,0.99935,0.032906,0.99656,0.017643,-0.080986
-0.080747,0.034418,-0.99614,-0.014077,0.99926,0.035667,0.99664,0.016903,-0.080203
-0.080282,0.038932,-0.99601,-0.013557,0.9991,0.040146,0.99668,0.016726,-0.079682
-0.07965,0.04443,-0.99583,-0.012756,0.99888,0.045587,0.99674,0.016334,-0.078994
-0.079807,0.048356,-0.99564,-0.012859,0.99869,0.049535,0.99673,0.016756,-0.07908
-0.079529,0.047766,-0.99569,-0.01254,0.99872,0.048913,0.99675,0.016376,-0.078829
-0.079352,0.044257,-0.99586,-0.012424,0.99889,0.045382,0.99677,0.015974,-0.078714
-0.078972,0.039593,-0.99609,-0.013153,0.99908,0.040755,0.99679,0.01632,-0.078378
-0.078624,0.036836,-0.99622,-0.017114,0.99912,0.038294,0.99676,0.020061,-0.077924
-0.079124,0.034656,-0.99626,-0.020401,0.99913,0.036376,0.99666,0.023203,-0.078349
-0.079765,0.033128,-0.99626,-0.019108,0.99921,0.034756,0.99663,0.021808,-0.07907
-0.080995,0.029762,-0.99627,-0.015358,0.9994,0.031104,0.9966,0.01782,-0.080489
-0.081682,0.027629,-0.99628,-0.011152,0.99953,0.028633,0.9966,0.013449,-0.081336
-0.08331,0.03088,-0.99605,-0.010247,0.99944,0.031843,0.99647,0.01286,-0.082947
-0.085066,0.037601,-0.99567,-0.0083938,0.99923,0.038453,0.99634,0.011628,-0.084685
-0.086828,0.041636,-0.99535,-0.0062984,0.99908,0.042341,0.9962,0.0099455,-0.086486
-0.088551,0.040488,-0.99525,-0.0053194,0.99914,0.04112,0.99606,0.0089354,-0.08826
-0.089589,0.037222,-0.99528,-0.0092003,0.99923,0.038198,0.99594,0.012579,-0.089177
-0.090881,0.033069,-0.99531,-0.013343,0.99932,0.03442,0.99577,0.016409,-0.090378
-0.092026,0.031374,-0.99526,-0.017684,0.99929,0.033136,0.9956,0.02065,-0.091407
-0.093013,0.032683,-0.99513,-0.019939,0.9992,0.03468,0.99547,0.023067,-0.092287
-0.093963,0.034296,-0.99498,-0.019474,0.99915,0.036279,0.99539,0.022786,-0.093215
-0.094891,0.033832,-0.99491,-0.021269,0.99913,0.036004,0.99526,0.024577,-0.094089
-0.095476,0.033657,-0.99486,-0.022342,0.9991,0.035945,0.99518,0.025659,-0.094639
-0.096008,0.035265,-0.99476,-0.020889,0.99908,0.037434,0.99516,0.024374,-0.095183
-0.096316,0.037865,-0.99463,-0.019667,0.99901,0.039936,0.99516,0.023408,-0.095476
-0.096319,0.042291,-0.99445,-0.020237,0.99881,0.044437,0.99514,0.024404,-0.095348
-0.096792,0.044769,-0.9943,-0.020177,0.99869,0.046931,0.9951,0.024605,-0.095763
-0.097512,0.044618,-0.99423,-0.019736,0.99871,0.046754,0.99504,0.024182,-0.096506
-0.097954,0.042838,-0.99427,-0.019067,0.99881,0.044912,0.99501,0.023357,-0.097021
-0.098036,0.039311,-0.99441,-0.018825,0.99897,0.041347,0.995,0.022773,-0.097195
-0.097999,0.036663,-0.99451,-0.019044,0.99907,0.038708,0.995,0.022733,-0.09721
-0.096756,0.034161,-0.99472,-0.019579,0.99915,0.036217,0.99512,0.02298,-0.096005
-0.094468,0.033362,-0.99497,-0.021663,0.99913,0.035558,0.99529,0.024913,-0.093664
-0.090656,0.034473,-0.99529,-0.022663,0.99907,0.036669,0.99562,0.025881,-0.08979
-0.084789,0.035629,-0.99576,-0.021797,0.99906,0.037603,0.99616,0.024893,-0.083932
-0.077691,0.037376,-0.99628,-0.02099,0.99901,0.039116,0.99676,0.023951,-0.07683
-0.069082,0.038785,-0.99686,-0.022016,0.99894,0.040392,0.99737,0.024737,-0.068155
-0.057152,0.040502,-0.99754,-0.024286,0.99882,0.041945,0.99807,0.026623,-0.056101
-0.042711,0.042116,-0.9982,-0.027367,0.99869,0.043308,0.99871,0.029167,-0.041502
-0.024299,0.043464,-0.99876,-0.029073,0.9986,0.044164,0.99928,0.03011,-0.023002
-0.0025189,0.044262,-0.99902,-0.030302,0.99856,0.044318,0.99954,0.030384,-0.001174
0.022887,0.04501,-0.99872,-0.030121,0.99856,0.044313,0.99928,0.029069,0.02421
0.051658,0.044393,-0.99768,-0.028521,0.99867,0.04296,0.99826,0.026236,0.052855
0.08536,0.044483,-0.99536,-0.027502,0.99873,0.042275,0.99597,0.023765,0.086475
0.12276,0.044589,-0.99143,-0.026863,0.99877,0.041593,0.99207,0.021527,0.1238
0.16298,0.04427,-0.98564,-0.026716,0.99882,0.040445,0.98627,0.019741,0.16397
0.2078,0.045184,-0.97713,-0.025785,0.99884,0.040704,0.97783,0.016737,0.20872
0.25555,0.044186,-0.96579,-0.02324,0.99895,0.039554,0.96652,0.012336,0.25631
0.30528,0.039403,-0.95145,-0.015721,0.99922,0.036337,0.95213,0.0038646,0.30566
0.35613,0.034122,-0.93381,-0.010093,0.99942,0.03267,0.93438,-0.0022103,0.35627
0.40797,0.028899,-0.91254,-0.0044962,0.99955,0.029645,0.91298,-0.0079913,0.40792
0.45898,0.027868,-0.88801,-0.0043833,0.99957,0.029103,0.88844,-0.0094651,0.4589
0.5069,0.026539,-0.8616,-0.003181,0.99958,0.028918,0.862,-0.011918,0.50677
0.55201,0.022626,-0.83353,0.0040019,0.99955,0.029782,0.83383,-0.019776,0.55167
0.59566,0.015856,-0.80308,0.015498,0.99939,0.031227,0.80309,-0.031047,0.59506
0.63812,0.010528,-0.76986,0.017637,0.99944,0.028287,0.76973,-0.031629,0.63758
0.67937,0.0061839,-0.73377,0.014386,0.99966,0.021744,0.73365,-0.025328,0.67905
0.71988,-0.0011539,-0.6941,0.011345,0.99988,0.010104,0.69401,-0.015148,0.71981
0.75936,-0.004902,-0.65065,0.0071116,0.99997,0.00076591,0.65063,-0.0052088,0.75937
0.79672,-0.0060444,-0.60432,0.0058066,0.99998,-0.0023466,0.60432,-0.0016395,0.79674
0.83104,-0.008059,-0.55615,0.0065885,0.99997,-0.0046452,0.55617,0.00019608,0.83107
0.8621,-0.0073745,-0.50669,0.0041145,0.99996,-0.0075532,0.50673,0.0044268,0.8621
0.88864,-0.0054327,-0.45858,0.0031656,0.99998,-0.0057122,0.4586,0.0036244,0.88864
0.91039,0.00012471,-0.41376,-0.0022688,0.99999,-0.0046906,0.41375,0.005209,0.91038
0.9283,0.0044182,-0.37181,-0.0074125,0.99995,-0.0066244,0.37176,0.0089055,0.92828
0.94222,0.0088257,-0.33488,-0.011436,0.99992,-0.0058222,0.3348,0.0093154,0.94224
0.95261,0.010322,-0.30401,-0.011948,0.99992,-0.0034913,0.30395,0.0069583,0.95266
0.96013,0.0091601,-0.27941,-0.010173,0.99995,-0.0021763,0.27937,0.0049321,0.96017
0.96614,0.0089615,-0.25786,-0.0093261,0.99996,-0.00019086,0.25784,0.0025892,0.96618
0.97087,0.011647,-0.23933,-0.011331,0.99993,0.0026954,0.23934,9.4905e-05,0.97093
0.97453,0.015565,-0.22373,-0.015161,0.99988,0.003523,0.22376,-4.1238e-05,0.97464
0.97751,0.020135,-0.20994,-0.019393,0.9998,0.005591,0.21001,-0.0013938,0.9777
0.9803,0.018425,-0.19666,-0.017744,0.99983,0.0052237,0.19673,-0.0016312,0.98046
0.98296,0.018304,-0.1829,-0.017702,0.99983,0.0049247,0.18296,-0.0016031,0.98312
0.98557,0.018633,-0.16822,-0.017986,0.99982,0.005367,0.16829,-0.0022639,0.98573
0.98791,0.019854,-0.15378,-0.019193,0.9998,0.0057801,0.15386,-0.0027588,0.98809
0.98982,0.019865,-0.14091,-0.019598,0.9998,0.0032769,0.14095,-0.00048187,0.99002
0.99134,0.021185,-0.12958,-0.021513,0.99977,-0.0011285,0.12953,0.0039064,0.99157
0.99262,0.018453,-0.11986,-0.019575,0.99977,-0.0081883,0.11968,0.010474,0.99276
0.99359,0.017888,-0.1116,-0.019063,0.99977,-0.0094706,0.1114,0.011537,0.99371
0.99431,0.019721,-0.10466,-0.020147,0.99979,-0.0030148,0.10458,0.0051062,0.9945
0.99476,0.024303,-0.099355,-0.023899,0.9997,0.0052538,0.099453,-0.0028518,0.99504
0.99515,0.025471,-0.094962,-0.024584,0.99964,0.010495,0.095196,-0.0081098,0.99543
0.99552,0.023436,-0.091549,-0.022754,0.99971,0.0084869,0.09172,-0.0063658,0.99576
0.99582,0.023665,-0.088273,-0.023094,0.99971,0.0074915,0.088424,-0.0054216,0.99607
0.9961,0.022092,-0.085371,-0.021371,0.99973,0.0093443,0.085554,-0.0074834,0.99631
0.99635,0.020206,-0.082894,-0.019256,0.99974,0.012236,0.08312,-0.010595,0.99648
0.99665,0.017828,-0.079773,-0.016738,0.99976,0.014319,0.080009,-0.012935,0.99671
0.99688,0.017071,-0.077014,-0.016234,0.9998,0.011475,0.077195,-0.010189,0.99696
0.99699,0.019556,-0.075051,-0.019326,0.99981,0.003782,0.07511,-0.0023202,0.99717
0.99709,0.020051,-0.073482,-0.020393,0.99978,-0.003906,0.073387,0.0053932,0.99729
0.99717,0.020635,-0.072311,-0.021323,0.99973,-0.0087543,0.072111,0.010271,0.99734
0.99727,0.022487,-0.070354,-0.023024,0.99971,-0.0068293,0.07018,0.0084304,0.9975
0.99736,0.025442,-0.067974,-0.025715,0.99966,-0.0031372,0.067871,0.0048769,0.99768
0.99741,0.02928,-0.065698,-0.029188,0.99957,0.0023683,0.065739,-0.00044454,0.99784
0.99761,0.02726,-0.063416,-0.027056,0.99963,0.0040855,0.063504,-0.00236,0.99798
0.99776,0.024144,-0.062319,-0.023957,0.99971,0.0037531,0.062391,-0.0022517,0.99805
0.99786,0.02224,-0.061479,-0.022017,0.99975,0.0042977,0.061559,-0.0029349,0.9981
0.99793,0.022265,-0.060258,-0.022143,0.99975,0.002688,0.060303,-0.0013482,0.99818
0.99801,0.020116,-0.059695,-0.02012,0.9998,0.00054372,0.059694,0.00065842,0.99822
0.99808,0.018539,-0.059037,-0.018507,0.99983,0.0010923,0.059047,2.3398e-06,0.99826
0.99807,0.021576,-0.058153,-0.021517,0.99977,0.0016395,0.058174,-0.00038513,0.99831
0.99808,0.021456,-0.058142,-0.021452,0.99977,0.00068493,0.058143,0.00056367,0.99831
0.99797,0.021593,-0.059895,-0.021592,0.99977,0.00066034,0.059895,0.00063425,0.9982
0.99789,0.019122,-0.062001,-0.019082,0.99982,0.0012298,0.062013,-4.4106e-05,0.99808
0.99768,0.020117,-0.065077,-0.020115,0.9998,0.00069532,0.065078,0.00061531,0.99788
0.99739,0.024022,-0.068074,-0.024005,0.99971,0.0010672,0.06808,0.0005697,0.99768
0.99717,0.025534,-0.070705,-0.025814,0.99966,-0.0030479,0.070604,0.0048645,0.99749
0.99698,0.025384,-0.073386,-0.026038,0.99963,-0.007971,0.073157,0.0098578,0.99727
0.99687,0.024205,-0.075304,-0.024945,0.99965,-0.0088917,0.075062,0.010742,0.99712
0.99668,0.0252,-0.077461,-0.02587,0.99964,-0.0076569,0.07724,0.0096353,0.99697
0.99652,0.024525,-0.079608,-0.025103,0.99967,-0.0062676,0.079428,0.0082442,0.99681
0.99641,0.022632,-0.081529,-0.023129,0.99972,-0.0051468,0.081389,0.007014,0.99666
0.99634,0.02222,-0.08257,-0.022413,0.99975,-0.0014107,0.082518,0.0032562,0.99658
0.99627,0.021833,-0.083433,-0.021637,0.99976,0.0032495,0.083484,-0.0014321,0.99651
0.99631,0.021836,-0.082949,-0.021409,0.99975,0.0060336,0.08306,-0.0042355,0.99654
0.99641,0.025363,-0.080823,-0.024967,0.99967,0.0059094,0.080947,-0.0038702,0.99671
0.99655,0.02539,-0.07899,-0.025097,0.99967,0.0047021,0.079084,-0.0027035,0.99686
0.99673,0.02305,-0.077465,-0.022933,0.99973,0.0024012,0.0775,-0.00061684,0.99699
0.99693,0.018936,-0.075929,-0.018952,0.99982,0.00051029,0.075925,0.00093024,0.99711
0.9971,0.017496,-0.074023,-0.017513,0.99985,0.00041364,0.074019,0.00088391,0.99726
0.99721,0.015816,-0.072918,-0.015658,0.99987,0.0027336,0.072952,-0.0015842,0.99733
0.9973,0.012705,-0.072273,-0.012342,0.99991,0.0054664,0.072336,-0.0045597,0.99737
0.99738,0.011664,-0.071411,-0.011277,0.99992,0.0058104,0.071473,-0.0049899,0.99743
0.99743,0.013361,-0.070371,-0.01316,0.99991,0.0033216,0.070409,-0.002387,0.99752
0.99744,0.01598,-0.069713,-0.016194,0.99987,-0.0024955,0.069664,0.003618,0.99756
0.99748,0.017668,-0.068738,-0.018245,0.9998,-0.0077891,0.068587,0.0090236,0.9976
0.99743,0.022215,-0.068099,-0.023241,0.99963,-0.014306,0.067756,0.015852,0.99758
0.99749,0.022873,-0.067068,-0.02394,0.9996,-0.01515,0.066695,0.016718,0.99763
0.99758,0.019362,-0.066832,-0.020088,0.99975,-0.01021,0.066617,0.011528,0.99771
0.99756,0.019053,-0.067174,-0.019056,0.99982,0.00061018,0.067173,0.00067135,0.99774
0.99746,0.020435,-0.068237,-0.019826,0.99976,0.0095897,0.068417,-0.0082125,0.99762
0.99735,0.016371,-0.070922,-0.016005,0.99986,0.0057371,0.071006,-0.0045868,0.99747
0.99726,0.01027,-0.073224,-0.010121,0.99995,0.0024062,0.073245,-0.0016585,0.99731
0.99707,0.0098398,-0.075877,-0.0097457,0.99995,0.0016112,0.075889,-0.00086697,0.99712
0.99686,0.011179,-0.078409,-0.0113,0.99994,-0.0010923,0.078392,0.0019749,0.99692
0.99655,0.013028,-0.08192,-0.013425,0.9999,-0.004291,0.081856,0.005376,0.99663
0.9962,0.013562,-0.085982,-0.014296,0.99987,-0.0079303,0.085863,0.0091294,0.99627
0.9959,0.014698,-0.089235,-0.01586,0.9998,-0.012335,0.089036,0.0137,0.99593
0.99553,0.020181,-0.092239,-0.021334,0.99971,-0.011537,0.091979,0.013453,0.99567
0.99514,0.023006,-0.095787,-0.024093,0.99966,-0.010207,0.095519,0.012466,0.99535
0.99467,0.026445,-0.099644,-0.027064,0.99962,-0.0048716,0.099478,0.0075425,0.99501
0.99425,0.027495,-0.10347,-0.027425,0.99962,0.002103,0.10349,0.00074675,0.99463
0.99375,0.026854,-0.10834,-0.026426,0.99964,0.0053797,0.10844,-0.0024831,0.9941
0.99303,0.02641,-0.11482,-0.025899,0.99965,0.0059366,0.11494,-0.0029215,0.99337
0.99238,0.023886,-0.12084,-0.022902,0.99969,0.0095319,0.12103,-0.0066918,0.99263
0.99157,0.024079,-0.12729,-0.02304,0.99969,0.0096287,0.12748,-0.0066147,0.99182
0.99068,0.028785,-0.13317,-0.027812,0.99957,0.0091609,0.13338,-0.0053717,0.99105
0.98984,0.030604,-0.13885,-0.030134,0.99953,0.0054844,0.13895,-0.0012448,0.9903
0.98899,0.02969,-0.145,-0.029637,0.99956,0.0025218,0.14501,0.0018035,0.98943
0.98813,0.03154,-0.15032,-0.031598,0.9995,0.0019984,0.15031,0.0027751,0.98864
0.98738,0.033261,-0.15484,-0.032772,0.99945,0.0057131,0.15494,-0.00056667,0.98792
0.9864,0.034272,-0.16073,-0.033008,0.9994,0.010533,0.161,-0.005084,0.98694
0.98536,0.034006,-0.16705,-0.032239,0.99939,0.013279,0.1674,-0.007699,0.98586
0.98423,0.031876,-0.174,-0.030584,0.99948,0.010103,0.17424,-0.0046219,0.98469
0.98278,0.028922,-0.1825,-0.028991,0.99958,0.0022907,0.18249,0.0030396,0.9832
0.98112,0.026324,-0.19158,-0.026848,0.99964,-0.00013922,0.1915,0.00528,0.98148
0.97898,0.027175,-0.20216,-0.026944,0.99963,0.0038945,0.20219,0.0016344,0.97934
0.97661,0.026109,-0.21342,-0.024867,0.99965,0.0085058,0.21357,-0.0029999,0.97692
0.97394,0.028386,-0.22502,-0.025253,0.99954,0.016792,0.2254,-0.010672,0.97421
0.97129,0.029491,-0.23607,-0.025057,0.99945,0.021763,0.23659,-0.015223,0.97149
0.96832,0.032632,-0.24758,-0.029233,0.99942,0.017395,0.248,-0.0096067,0.96871
0.96517,0.031208,-0.25976,-0.030338,0.99951,0.0073602,0.25986,0.00077665,0.96565
0.96181,0.029265,-0.27216,-0.029673,0.99956,0.0026181,0.27212,0.0055576,0.96225
0.95831,0.027286,-0.28442,-0.026544,0.99963,0.0064638,0.28449,0.0013554,0.95868
0.95481,0.029356,-0.29575,-0.026094,0.99955,0.014971,0.29606,-0.0065777,0.95515
0.95111,0.030689,-0.30733,-0.025521,0.99946,0.020822,0.3078,-0.011961,0.95137
0.94703,0.026804,-0.32003,-0.021867,0.99958,0.01901,0.3204,-0.011005,0.94722
0.94307,0.024684,-0.33168,-0.021233,0.99968,0.014025,0.33192,-0.0061839,0.94329
0.93988,0.021842,-0.34082,-0.020109,0.99976,0.0086154,0.34092,-0.0012439,0.94009
0.93711,0.017145,-0.34862,-0.017756,0.99984,0.0014434,0.34859,0.0048376,0.93726
0.93431,0.016709,-0.35607,-0.01807,0.99984,-0.00049686,0.356,0.0068982,0.93446
0.93126,0.021804,-0.36369,-0.023622,0.99972,-0.00055042,0.36358,0.0091037,0.93152
0.92814,0.023116,-0.37151,-0.023988,0.99971,0.0022736,0.37145,0.0068016,0.92843
0.92493,0.023138,-0.37942,-0.021786,0.99973,0.0078573,0.3795,0.00099881,0.92519
0.92208,0.023777,-0.38627,-0.019339,0.99969,0.015372,0.38652,-0.0067041,0.92226
0.91934,0.034165,-0.39197,-0.027097,0.99936,0.023552,0.39252,-0.011032,0.91968
0.91667,0.04223,-0.3974,-0.036297,0.99909,0.022443,0.39799,-0.0061487,0.91737
0.91422,0.038562,-0.40337,-0.036156,0.99925,0.013583,0.40359,0.0021661,0.91494
0.91217,0.030503,-0.40868,-0.030768,0.99951,0.0059269,0.40866,0.0071677,0.91266
0.9104,0.030499,-0.41261,-0.031529,0.99949,0.004314,0.41253,0.0090818,0.9109
0.90826,0.03718,-0.41674,-0.036335,0.99929,0.0099609,0.41682,0.0060955,0.90897
0.90578,0.040063,-0.42184,-0.037364,0.99919,0.014666,0.42209,0.0024774,0.90655
0.90339,0.036858,-0.42723,-0.034077,0.99932,0.014157,0.42746,0.0017692,0.90403
0.90124,0.034634,-0.43194,-0.034784,0.99937,0.0075571,0.43193,0.0082137,0.90187
0.899,0.031513,-0.43681,-0.034952,0.99939,0.00016288,0.43655,0.015121,0.89955
0.89662,0.031889,-0.44164,-0.036385,0.99934,-0.0017109,0.44129,0.017603,0.89719
0.89459,0.03567,-0.44546,-0.038219,0.99926,0.0032619,0.44525,0.014107,0.8953
0.89248,0.037056,-0.44957,-0.038754,0.99923,0.005428,0.44943,0.012578,0.89323
0.89013,0.038045,-0.45411,-0.039462,0.9992,0.0063586,0.45399,0.01226,0.89092
0.88789,0.036733,-0.45859,-0.038168,0.99925,0.0061427,0.45848,0.01205,0.88863
0.88579,0.034534,-0.4628,-0.036259,0.99933,0.0051695,0.46267,0.012202,0.88645
0.88361,0.034349,-0.46696,-0.035637,0.99935,0.0060761,0.46686,0.011272,0.88426
0.88139,0.035223,-0.47107,-0.036588,0.99931,0.0062641,0.47097,0.011714,0.88207
0.87906,0.036372,-0.47533,-0.03748,0.99927,0.0071502,0.47524,0.01153,0.87978
0.87668,0.03328,-0.47993,-0.036307,0.99934,0.0029774,0.47971,0.014814,0.8773
0.87439,0.030136,-0.48429,-0.035172,0.99938,-0.0013139,0.48395,0.018182,0.87491
0.87226,0.028216,-0.48822,-0.034809,0.99938,-0.0044333,0.4878,0.020862,0.87271
0.87028,0.029782,-0.49165,-0.034797,0.99939,-0.0010558,0.49132,0.018027,0.87079
0.86845,0.034014,-0.49461,-0.034707,0.99937,0.0077869,0.49456,0.010404,0.86908
0.86694,0.036411,-0.49708,-0.03197,0.99934,0.017443,0.49738,0.00076975,0.86753
0.86544,0.036255,-0.4997,-0.028616,0.99933,0.022944,0.5002,-0.0055572,0.86589
0.86387,0.032776,-0.50264,-0.024815,0.99944,0.022523,0.5031,-0.0069839,0.8642
0.86211,0.030829,-0.50579,-0.024713,0.99952,0.018799,0.50612,-0.0037075,0.86245
0.86049,0.029017,-0.50864,-0.024202,0.99958,0.01608,0.5089,-0.0015266,0.86083
0.85898,0.027613,-0.51127,-0.023195,0.99962,0.01502,0.51149,-0.001043,0.85929
0.85769,0.025525,-0.51353,-0.021225,0.99967,0.014239,0.51372,-0.0013133,0.85795
0.85639,0.026159,-0.51567,-0.021165,0.99965,0.015561,0.51589,-0.0024129,0.85665
0.85519,0.026329,-0.51765,-0.020277,0.99964,0.017347,0.51792,-0.0043387,0.85542
0.85387,0.025018,-0.51988,-0.018428,0.99967,0.01784,0.52015,-0.0056527,0.85405
0.85257,0.023008,-0.52211,-0.01599,0.99971,0.017944,0.52238,-0.0069503,0.85269
0.85145,0.022006,-0.52398,-0.015259,0.99974,0.01719,0.52422,-0.0066406,0.85156
0.85023,0.022375,-0.52593,-0.017558,0.99975,0.014147,0.52611,-0.0027939,0.85041
0.84874,0.020041,-0.52843,-0.017449,0.9998,0.0098924,0.52853,0.00082436,0.84892
0.84657,0.016383,-0.53202,-0.014492,0.99987,0.007729,0.53208,0.0011669,0.84669
0.84402,0.012312,-0.53617,-0.0094731,0.99992,0.0080481,0.53623,-0.0017136,0.84407
0.84073,0.01287,-0.54131,-0.0093222,0.99991,0.0092943,0.54138,-0.0027677,0.84077
0.8371,0.016711,-0.5468,-0.012454,0.99986,0.011491,0.54691,-0.0028099,0.83719
0.8335,0.022502,-0.55207,-0.016742,0.99974,0.015472,0.55227,-0.0036532,0.83366
0.82972,0.028297,-0.55746,-0.018877,0.99957,0.022642,0.55786,-0.008263,0.82989
0.82521,0.030396,-0.564,-0.018301,0.99947,0.027088,0.56453,-0.012031,0.82533
0.82003,0.027973,-0.57164,-0.014292,0.99949,0.028408,0.57215,-0.015125,0.82001
0.81345,0.025535,-0.58107,-0.010489,0.99952,0.02924,0.58154,-0.01769,0.81333
0.80516,0.024197,-0.59257,-0.007576,0.99951,0.030521,0.59301,-0.020085,0.80494
0.79528,0.024861,-0.60573,-0.007166,0.99947,0.031613,0.6062,-0.020801,0.79504
0.78364,0.02665,-0.62064,-0.0090108,0.99946,0.031539,0.62115,-0.019122,0.78346
0.77012,0.025933,-0.63738,-0.0089816,0.99952,0.029815,0.63784,-0.017236,0.76998
0.75571,0.023568,-0.65448,-0.0097528,0.99965,0.024736,0.65484,-0.01231,0.75567
0.74107,0.020049,-0.67113,-0.0092975,0.99976,0.0196,0.67136,-0.0082851,0.74108
0.72613,0.019904,-0.68727,-0.012904,0.9998,0.015321,0.68743,-0.0022564,0.72624
0.71087,0.023702,-0.70292,-0.020152,0.99971,0.01333,0.70303,0.0046892,0.71114
0.69427,0.026265,-0.71924,-0.023792,0.99963,0.013538,0.71933,0.0077135,0.69463
0.6762,0.024875,-0.7363,-0.020495,0.99968,0.01495,0.73643,0.004981,0.67649
0.65681,0.023953,-0.75367,-0.017557,0.99971,0.016472,0.75385,0.0024127,0.65704
0.63545,0.025483,-0.77172,-0.016981,0.99967,0.019028,0.77196,0.0010133,0.63567
0.6122,0.030339,-0.79012,-0.020615,0.99954,0.022407,0.79043,0.0025705,0.61254
0.58834,0.034476,-0.80788,-0.022592,0.9994,0.026196,0.8083,0.0028396,0.58877
0.56347,0.037648,-0.82528,-0.024191,0.99928,0.02907,0.82578,0.0035837,0.56398
0.53821,0.040872,-0.84182,-0.026957,0.99915,0.031276,0.84238,0.0058594,0.53886
0.5123,0.045587,-0.8576,-0.031124,0.99892,0.034506,0.85824,0.009014,0.51316
0.48509,0.049265,-0.87307,-0.033464,0.99873,0.037763,0.87382,0.010898,0.48612
0.45614,0.049105,-0.88855,-0.032335,0.99873,0.038595,0.88932,0.011127,0.45714
0.42472,0.046484,-0.90413,-0.031705,0.99883,0.036459,0.90477,0.013181,0.42569
0.39098,0.042406,-0.91942,-0.030992,0.99898,0.032896,0.91988,0.015633,0.3919
0.35306,0.040167,-0.93474,-0.030164,0.99905,0.031537,0.93512,0.017061,0.35393
0.31245,0.039327,-0.94912,-0.029104,0.99907,0.031816,0.94949,0.017683,0.3133
0.26971,0.037863,-0.9622,-0.028047,0.99911,0.031454,0.96253,0.018503,0.27053
0.22348,0.035073,-0.97408,-0.026235,0.99921,0.029959,0.97436,0.01886,0.22422
0.17498,0.033233,-0.98401,-0.024764,0.99926,0.029344,0.98426,0.019233,0.17567
0.12544,0.032991,-0.99155,-0.023665,0.99926,0.030253,0.99182,0.01967,0.12613
0.074225,0.034275,-0.99665,-0.022147,0.99922,0.032713,0.997,0.019645,0.074926
0.021225,0.036638,-0.9991,-0.018189,0.99918,0.036255,0.99961,0.017403,0.021874
-0.032184,0.038793,-0.99873,-0.013582,0.99914,0.039247,0.99939,0.014827,-0.031629
-0.0856,0.040593,-0.9955,-0.0087971,0.9991,0.041496,0.99629,0.01231,-0.085165
-0.13836,0.042364,-0.98948,-0.0047207,0.99905,0.043434,0.99037,0.010681,-0.13803
-0.18981,0.043948,-0.98084,-0.0016376,0.99898,0.045078,0.98182,0.010162,-0.18954
-0.23933,0.045217,-0.96989,0.0024458,0.99894,0.045968,0.97094,0.0086292,-0.23919
-0.28775,0.046686,-0.95657,0.0082796,0.9989,0.046261,0.95767,0.0053917,-0.28782
-0.33462,0.048096,-0.94113,0.013996,0.99884,0.046069,0.94225,0.0022436,-0.3349
-0.37919,0.049852,-0.92397,0.019488,0.99876,0.045889,0.92511,-0.00060573,-0.37969
-0.4215,0.051298,-0.90538,0.023941,0.99868,0.045438,0.90651,-0.002524,-0.42217
-0.46074,0.052163,-0.886,0.027167,0.99863,0.044667,0.88712,-0.0034905,-0.46152
-0.49523,0.052635,-0.86717,0.028704,0.99861,0.044221,0.86829,-0.0029916,-0.49605
-0.52441,0.052344,-0.84985,0.029068,0.99863,0.043571,0.85097,-0.001854,-0.52521
-0.54784,0.050992,-0.83503,0.027906,0.9987,0.042678,0.83612,7.8318e-05,-0.54855
-0.5663,0.04899,-0.82274,0.02667,0.9988,0.041115,0.82377,0.0013409,-0.56693
-0.58047,0.048346,-0.81284,0.025591,0.99883,0.041133,0.81388,0.0030746,-0.58103
-0.59184,0.049209,-0.80455,0.026583,0.99878,0.041534,0.80562,0.0031938,-0.59243
-0.60169,0.050305,-0.79714,0.027822,0.99873,0.042025,0.79824,0.0031079,-0.60233
-0.60965,0.051699,-0.79098,0.029146,0.99866,0.042809,0.79213,0.0030444,-0.61034
-0.61607,0.051739,-0.78599,0.028615,0.99865,0.043309,0.78717,0.0041902,-0.61672
-0.62175,0.051597,-0.78152,0.028205,0.99866,0.043494,0.78271,0.0049998,-0.62237
-0.62628,0.051975,-0.77786,0.028626,0.99864,0.043679,0.77907,0.0050885,-0.62691
-0.62962,0.052762,-0.77511,0.0296,0.9986,0.043931,0.77634,0.0047166,-0.6303
-0.63203,0.053917,-0.77306,0.030844,0.99854,0.044425,0.77433,0.0042338,-0.63277
-0.63314,0.054247,-0.77213,0.031288,0.99852,0.044496,0.77341,0.0040135,-0.6339
-0.63391,0.053979,-0.77152,0.031588,0.99854,0.043908,0.77276,0.0034624,-0.63469
-0.63472,0.053464,-0.77089,0.031913,0.99857,0.042979,0.77208,0.002678,-0.63552
-0.63534,0.053056,-0.77041,0.032622,0.99859,0.041868,0.77155,0.0014684,-0.63617
-0.63616,0.053719,-0.76969,0.032795,0.99855,0.042587,0.77086,0.0018499,-0.637
-0.63714,0.054672,-0.76881,0.031532,0.99849,0.044874,0.7701,0.0043489,-0.6379
-0.6384,0.055764,-0.76768,0.030491,0.99842,0.047169,0.7691,0.006706,-0.6391
-0.63953,0.055994,-0.76673,0.030661,0.99841,0.04734,0.76816,0.0067672,-0.64023
-0.64055,0.054836,-0.76596,0.031554,0.99848,0.045095,0.76727,0.0047163,-0.64131
-0.64139,0.054329,-0.76529,0.032531,0.99852,0.043622,0.76653,0.0030828,-0.6422
-0.64232,0.055309,-0.76444,0.034757,0.99847,0.043037,0.76565,0.0010742,-0.64326
-0.6431,0.056866,-0.76366,0.037292,0.99838,0.042939,0.76487,-0.00086452,-0.64418
-0.64434,0.054874,-0.76276,0.037183,0.99849,0.040422,0.76383,-0.0023165,-0.64541
-0.64548,0.051658,-0.76203,0.037048,0.99865,0.036317,0.76288,-0.0047897,-0.64652
-0.64642,0.047491,-0.7615,0.035549,0.99885,0.032117,0.76215,-0.00631,-0.64737
-0.64638,0.04519,-0.76168,0.032814,0.99897,0.031422,0.76231,-0.0046829,-0.64719
-0.6463,0.045435,-0.76173,0.031339,0.99896,0.032995,0.76244,-0.0025469,-0.64705
-0.64636,0.047209,-0.76157,0.030546,0.99889,0.035995,0.76242,2.7973e-06,-0.64708
-0.64639,0.049903,-0.76137,0.031614,0.99875,0.038623,0.76235,0.00089519,-0.64716
-0.64647,0.052406,-0.76114,0.033117,0.99863,0.04063,0.76222,0.0010597,-0.64732
-0.64656,0.05357,-0.76098,0.033754,0.99856,0.041616,0.76212,0.0012212,-0.64744
-0.64655,0.054188,-0.76094,0.034226,0.99853,0.042027,0.7621,0.0011287,-0.64746
-0.64678,0.053309,-0.76081,0.032665,0.99858,0.042199,0.76197,0.0024416,-0.6476
-0.64677,0.054051,-0.76077,0.032555,0.99853,0.043268,0.76199,0.0032179,-0.64758
-0.64691,0.054885,-0.76059,0.032118,0.99848,0.044734,0.76189,0.0045103,-0.64769
-0.647,0.055873,-0.76044,0.032362,0.99843,0.045824,0.7618,0.005039,-0.64779
-0.64749,0.055917,-0.76002,0.032518,0.99842,0.045753,0.76138,0.0049098,-0.64829
-0.64797,0.055685,-0.75963,0.033466,0.99844,0.044645,0.76093,0.0035072,-0.64883
-0.64875,0.055672,-0.75896,0.034083,0.99845,0.044105,0.76024,0.002745,-0.64964
-0.64939,0.056168,-0.75838,0.0346,0.99842,0.044319,0.75967,0.0025403,-0.65031
-0.6502,0.055658,-0.75772,0.034051,0.99845,0.044121,0.759,0.002886,-0.65109
-0.65078,0.054703,-0.75729,0.033376,0.9985,0.043444,0.75853,0.0029971,-0.65163
-0.65127,0.053474,-0.75696,0.032668,0.99856,0.042435,0.75814,0.002908,-0.65208
-0.6512,0.052772,-0.75707,0.031823,0.9986,0.042235,0.75824,0.0034116,-0.65197
-0.65116,0.051147,-0.75721,0.028556,0.99867,0.0429,0.7584,0.0063114,-0.65176
-0.65038,0.050364,-0.75794,0.027085,0.9987,0.043121,0.75912,0.0075163,-0.6509
-0.64941,0.048611,-0.75888,0.026037,0.99879,0.041697,0.75999,0.0073195,-0.64989
-0.64806,0.046032,-0.7602,0.024129,0.99891,0.039917,0.76121,0.0075261,-0.64847
-0.64659,0.046341,-0.76143,0.024922,0.9989,0.03963,0.76243,0.0066474,-0.64703
-0.64553,0.048899,-0.76216,0.026172,0.99878,0.041913,0.76328,0.0071085,-0.64603
-0.64426,0.054649,-0.76286,0.028961,0.99847,0.04707,0.76426,0.0082322,-0.64485
-0.64327,0.061605,-0.76316,0.031718,0.99805,0.053831,0.76499,0.010421,-0.64396
-0.64271,0.06393,-0.76344,0.03209,0.99788,0.056547,0.76544,0.011845,-0.6434
-0.64255,0.060325,-0.76386,0.032313,0.99814,0.051646,0.76556,0.0085023,-0.64331
-0.64261,0.056452,-0.76411,0.032124,0.99839,0.046744,0.76552,0.0054917,-0.64339
-0.64244,0.056394,-0.76426,0.032498,0.9984,0.046353,0.76564,0.0049426,-0.64325
-0.64256,0.058378,-0.76401,0.031714,0.99827,0.049605,0.76558,0.007645,-0.6433
-0.64266,0.060497,-0.76376,0.032589,0.99813,0.05164,0.76546,0.0082964,-0.64343
-0.64315,0.059863,-0.7634,0.033786,0.99819,0.049811,0.765,0.0062438,-0.644
-0.64383,0.058749,-0.76291,0.034291,0.99826,0.047935,0.7644,0.0047008,-0.64472
-0.64446,0.0591,-0.76235,0.033698,0.99824,0.0489,0.7639,0.0058235,-0.64531
-0.64488,0.062577,-0.76172,0.034255,0.99801,0.052988,0.76352,0.008078,-0.64574
-0.64543,0.065773,-0.76099,0.034712,0.99778,0.0568,0.76303,0.010245,-0.64628
-0.64592,0.066771,-0.76048,0.036118,0.99773,0.056924,0.76255,0.009301,-0.64686
-0.64653,0.066416,-0.75999,0.037201,0.99776,0.055547,0.76198,0.0076405,-0.64755
-0.64697,0.065252,-0.75972,0.037773,0.99785,0.053538,0.76158,0.0059403,-0.64804
-0.64704,0.063028,-0.75985,0.03575,0.99799,0.052339,0.76162,0.0067006,-0.64799
-0.6463,0.061103,-0.76064,0.033199,0.9981,0.05197,0.76236,0.008336,-0.6471
-0.64582,0.059801,-0.76114,0.031807,0.99817,0.051436,0.76283,0.0090088,-0.64654
-0.64526,0.058856,-0.76169,0.030089,0.99821,0.051642,0.76337,0.010404,-0.64588
-0.64471,0.05801,-0.76222,0.028499,0.99825,0.051868,0.76389,0.011718,-0.64523
-0.64412,0.058887,-0.76266,0.029185,0.9982,0.052425,0.76437,0.01151,-0.64468
-0.64377,0.05734,-0.76307,0.028439,0.99829,0.051023,0.76469,0.011146,-0.6443
-0.64319,0.05586,-0.76366,0.027556,0.99838,0.04982,0.76521,0.011,-0.64369
-0.64277,0.05656,-0.76397,0.02861,0.99835,0.049841,0.76552,0.010179,-0.64333
-0.64203,0.059393,-0.76437,0.031468,0.9982,0.051129,0.76603,0.0087732,-0.64274
-0.64179,0.060704,-0.76447,0.032454,0.99812,0.052012,0.76619,0.0085705,-0.64255
-0.64149,0.058632,-0.76489,0.032481,0.99826,0.049279,0.76644,0.0067675,-0.64228
-0.64116,0.056626,-0.76532,0.033996,0.99839,0.045391,0.76666,0.0030851,-0.64205
-0.64038,0.055771,-0.76603,0.035081,0.99844,0.043366,0.76726,0.00089761,-0.64134
-0.63985,0.054365,-0.76657,0.031679,0.99851,0.044372,0.76785,0.0041077,-0.64062
-0.6397,0.054912,-0.76666,0.030879,0.99848,0.045751,0.76801,0.0055929,-0.64042
-0.63987,0.054879,-0.76652,0.030824,0.99848,0.045755,0.76786,0.0056499,-0.64059
-0.64003,0.05438,-0.76643,0.030952,0.99851,0.044999,0.76773,0.0050785,-0.64075
-0.63997,0.054551,-0.76646,0.031433,0.9985,0.04482,0.76775,0.0045919,-0.64073
-0.64008,0.054178,-0.76639,0.030967,0.99852,0.044724,0.76768,0.0048936,-0.64081
-0.64005,0.053774,-0.76645,0.029963,0.99854,0.045036,0.76775,0.0058601,-0.64072
-0.64024,0.05367,-0.7663,0.029833,0.99854,0.04501,0.7676,0.0059556,-0.6409
-0.64047,0.054424,-0.76605,0.030214,0.9985,0.045678,0.76739,0.0061103,-0.64115
-0.64062,0.056142,-0.76581,0.03041,0.9984,0.047755,0.76726,0.0073042,-0.6413
-0.64073,0.058129,-0.76556,0.03088,0.99827,0.049953,0.76714,0.0083661,-0.64142
-0.64069,0.060236,-0.76543,0.031985,0.99815,0.051777,0.76713,0.0086909,-0.64143
-0.64089,0.062042,-0.76512,0.033383,0.99804,0.052966,0.76691,0.008403,-0.6417
-0.64101,0.063874,-0.76487,0.035382,0.99793,0.053684,0.76672,0.0073495,-0.64194
-0.64135,0.064639,-0.76452,0.036581,0.99789,0.053682,0.76638,0.0064621,-0.64236
-0.6421,0.064633,-0.76389,0.03614,0.99788,0.054053,0.76577,0.0071006,-0.64308
-0.64288,0.065679,-0.76314,0.037862,0.99782,0.053981,0.76503,0.0058095,-0.64397
-0.64474,0.065758,-0.76157,0.039667,0.99783,0.052576,0.76337,0.0036891,-0.64595
-0.64806,0.066657,-0.75867,0.042558,0.99778,0.051311,0.7604,0.00096533,-0.64945
-0.65301,0.068001,-0.75429,0.045622,0.99768,0.050447,0.75597,-0.0014693,-0.6546
-0.66049,0.069609,-0.7476,0.04871,0.99757,0.049849,0.74926,-0.0034909,-0.66227
-0.66912,0.071626,-0.7397,0.051456,0.99742,0.050036,0.74138,-0.004582,-0.67108
-0.67907,0.073077,-0.73043,0.05364,0.99731,0.049909,0.73211,-0.0052885,-0.68116
-0.69093,0.075217,-0.719,0.056586,0.99715,0.049939,0.72071,-0.0061814,-0.69321
-0.7049,0.078065,-0.705,0.06125,0.99691,0.049148,0.70666,-0.0085368,-0.70751
-0.72058,0.080795,-0.68865,0.065661,0.99668,0.048227,0.69026,-0.010466,-0.72349
-0.73843,0.082136,-0.6693,0.067428,0.99657,0.047906,0.67095,-0.0097541,-0.74144
-0.75778,0.08158,-0.64739,0.06626,0.99665,0.048032,0.64914,-0.0064987,-0.76064
-0.77783,0.080038,-0.62336,0.063867,0.99679,0.048292,0.62522,-0.0022488,-0.78045
-0.79884,0.077933,-0.59647,0.061215,0.99696,0.048275,0.59842,0.002051,-0.80118
-0.82061,0.076375,-0.56637,0.059603,0.99706,0.048097,0.56838,0.0057113,-0.82275
-0.84311,0.077493,-0.53212,0.060984,0.99696,0.048562,0.53427,0.0084918,-0.84527
-0.86656,0.073785,-0.49358,0.057802,0.99719,0.04759,0.49571,0.01271,-0.8684
-0.88919,0.066442,-0.45269,0.051738,0.99766,0.044802,0.4546,0.016416,-0.89054
-0.90985,0.054454,-0.41134,0.041178,0.99831,0.041074,0.41288,0.020433,-0.91056
-0.92832,0.045098,-0.36904,0.033577,0.99873,0.037585,0.37026,0.0225,-0.92865
-0.94525,0.037061,-0.32423,0.027761,0.99906,0.033263,0.32516,0.022441,-0.94539
-0.96021,0.034107,-0.2772,0.026745,0.99918,0.030296,0.27801,0.021677,-0.96033
-0.97294,0.032769,-0.22871,0.026678,0.9992,0.029671,0.2295,0.022767,-0.97304
-0.98315,0.032404,-0.17989,0.027387,0.99917,0.030305,0.18072,0.024867,-0.98322
-0.99115,0.025239,-0.13032,0.021114,0.99923,0.032939,0.13105,0.029896,-0.99092
-0.99666,0.014467,-0.080325,0.011462,0.99922,0.037747,0.080809,0.0367,-0.99605
-0.9995,0.010061,-0.029843,0.0088153,0.9991,0.041574,0.030235,0.041291,-0.99869
-0.99967,0.013075,0.022092,0.013956,0.99909,0.040212,-0.021546,0.040508,-0.99895
-0.99707,0.02052,0.073684,0.02336,0.99901,0.037886,-0.072834,0.039497,-0.99656
-0.99195,0.023162,0.12446,0.027677,0.99902,0.034675,-0.12353,0.037841,-0.99162
-0.9844,0.023626,0.17436,0.029752,0.99903,0.032602,-0.17342,0.037281,-0.98414
-0.9745,0.022077,0.22328,0.02939,0.99913,0.029486,-0.22243,0.035296,-0.97431
-0.962,0.023315,0.27204,0.03163,0.99916,0.026218,-0.2712,0.033826,-0.96193
-0.94668,0.027475,0.32099,0.037355,0.999,0.024659,-0.31999,0.035335,-0.94676
-0.93035,0.030217,0.36542,0.041168,0.99891,0.022214,-0.36435,0.035711,-0.93058
-0.91324,0.024752,0.40668,0.037393,0.99903,0.023166,-0.40571,0.036363,-0.91328
-0.89534,0.01994,0.44493,0.035645,0.999,0.026957,-0.44395,0.039996,-0.89516
-0.87768,0.019833,0.47883,0.039014,0.99878,0.030141,-0.47765,0.045136,-0.87739
-0.86087,0.021645,0.50836,0.044072,0.99851,0.032119,-0.50691,0.050055,-0.86054
-0.84516,0.020848,0.53411,0.044979,0.99847,0.0322,-0.53262,0.051238,-0.8448
-0.83096,0.018497,0.55603,0.044116,0.99849,0.032712,-0.55458,0.051712,-0.83052
-0.8188,0.016972,0.57383,0.042765,0.99859,0.031487,-0.57248,0.050321,-0.81837
-0.8087,0.016173,0.588,0.04221,0.99864,0.030585,-0.5867,0.049554,-0.80829
-0.80046,0.015059,0.5992,0.041108,0.99871,0.029815,-0.59798,0.048498,-0.80005
-0.79387,0.013694,0.60793,0.039107,0.99883,0.028569,-0.60682,0.046454,-0.79348
-0.78852,0.012776,0.61488,0.036749,0.99898,0.02637,-0.61391,0.043389,-0.78818
-0.78392,0.014396,0.62069,0.037667,0.99899,0.024403,-0.61972,0.04251,-0.78367
-0.78029,0.015768,0.62522,0.039254,0.99895,0.023797,-0.62418,0.043111,-0.78009
-0.77745,0.01917,0.62866,0.043231,0.9988,0.023007,-0.62746,0.045064,-0.77734
-0.77526,0.017475,0.6314,0.040622,0.99893,0.02223,-0.63033,0.042882,-0.77514
-0.7737,0.015259,0.63337,0.036489,0.99912,0.020503,-0.63251,0.038974,-0.77357
-0.7728,0.012459,0.63453,0.032976,0.99925,0.020542,-0.63379,0.036799,-0.77263
-0.77218,0.013639,0.63525,0.035264,0.99915,0.021414,-0.63442,0.038937,-0.77201
-0.77209,0.017716,0.63526,0.040633,0.99894,0.021527,-0.63421,0.042433,-0.772
-0.7727,0.018517,0.6345,0.041476,0.99891,0.021358,-0.63342,0.042819,-0.77263
-0.77319,0.017508,0.63393,0.036939,0.99917,0.017459,-0.63309,0.036915,-0.77319
-0.77347,0.021231,0.63348,0.035927,0.9993,0.010375,-0.63282,0.030784,-0.77369
-0.77389,0.023447,0.63288,0.034774,0.99938,0.0054956,-0.63236,0.026261,-0.77423
-0.77427,0.025612,0.63234,0.037526,0.99928,0.0054741,-0.63174,0.027967,-0.77467
